#cluster size degeneracy contacts threshold density metric
0 15 0 1.11 1.7500 1.0 -
1 3 0 1.00 2.5000 1.0 -
2 3 0 0.83 2.5000 1.0 -
3 3 0 0.61 2.5000 1.0 -
4 2 0 1.00 2.5000 1.0 -
5 3 0 1.00 2.5000 1.0 -
6 2 0 1.00 2.5000 1.0 -
7 4 0 0.89 2.5000 1.0 -
8 4 0 0.94 2.5000 1.0 -
9 6 0 0.83 2.5000 1.0 -
10 2 0 1.17 1.7500 1.0 -
11 2 0 1.11 1.7500 1.0 -
12 2 0 1.06 1.7500 1.0 -
13 5 0 1.00 2.5000 1.0 -
14 3 0 1.22 1.7500 1.0 -
15 5 0 1.00 2.5000 1.0 -
16 2 0 1.11 1.7500 1.0 -
17 10 0 0.89 2.5000 1.0 -
18 2 0 1.00 2.5000 1.0 -
19 2 0 0.67 2.5000 1.0 -
20 4 0 0.72 2.5000 1.0 -
21 3 0 0.72 2.5000 1.0 -
22 2 0 1.11 1.7500 1.0 -
23 2 0 1.22 1.7500 1.0 -
24 2 0 1.33 1.7500 1.0 -
25 6 0 0.78 2.5000 1.0 -
26 5 0 0.89 2.5000 1.0 -
27 3 0 0.67 2.5000 1.0 -
28 2 0 1.11 1.7500 1.0 -
29 3 0 0.83 2.5000 1.0 -
30 9 0 0.89 2.5000 1.0 -
31 8 0 1.00 2.5000 1.0 -
32 2 0 1.11 1.7500 1.0 -
33 3 0 1.17 1.7500 1.0 -
34 4 0 0.83 2.5000 1.0 -
35 4 0 0.94 2.5000 1.0 -
36 3 0 1.11 1.7500 1.0 -
37 2 0 1.11 1.7500 1.0 -
38 2 0 1.00 2.5000 1.0 -
39 2 0 1.17 1.7500 1.0 -
40 5 0 0.83 2.5000 1.0 -
41 3 0 0.67 2.5000 1.0 -
42 2 0 1.11 1.7500 1.0 -
43 2 0 0.89 2.5000 1.0 -
44 6 0 0.83 2.5000 1.0 -
45 4 0 0.78 2.5000 1.0 -
46 2 0 1.11 1.7500 1.0 -
47 3 0 1.06 1.7500 1.0 -
48 5 0 0.94 2.5000 1.0 -
49 2 0 0.78 2.5000 1.0 -
50 5 0 0.94 2.5000 1.0 -
51 6 0 0.67 2.5000 1.0 -
52 6 0 0.83 2.5000 1.0 -
53 3 0 1.11 1.7500 1.0 -
54 11 0 0.67 2.5000 1.0 -
55 3 0 1.00 2.5000 1.0 -
56 5 0 0.89 2.5000 1.0 -
57 4 0 1.06 1.7500 1.0 -
58 6 0 1.00 2.5000 1.0 -
59 9 0 0.67 2.5000 1.0 -
60 3 0 1.11 1.7500 1.0 -
61 3 0 0.89 2.5000 1.0 -
62 3 0 0.83 2.5000 1.0 -
63 3 0 0.83 2.5000 1.0 -
64 3 0 1.06 1.7500 1.0 -
65 3 0 0.61 2.5000 1.0 -
66 4 0 0.61 2.5000 1.0 -
67 169 0 0.33 6.0000 1.0 -
68 3 0 0.67 2.5000 1.0 -
69 3 0 0.89 2.5000 1.0 -
70 3 0 1.00 2.5000 1.0 -
71 4 0 0.89 2.5000 1.0 -
72 2 0 1.00 2.5000 1.0 -
73 2 0 1.06 1.7500 1.0 -
74 2 0 0.72 2.5000 1.0 -
75 8 0 0.50 4.0000 1.0 -
76 2 0 0.67 2.5000 1.0 -
77 3 0 1.11 1.7500 1.0 -
78 3 0 0.89 2.5000 1.0 -
79 4 0 0.89 2.5000 1.0 -
80 3 0 0.94 2.5000 1.0 -
81 4 0 0.83 2.5000 1.0 -
82 3 0 0.78 2.5000 1.0 -
83 4 0 0.72 2.5000 1.0 -
84 2 0 0.94 2.5000 1.0 -
85 5 0 0.94 2.5000 1.0 -
86 4 0 0.94 2.5000 1.0 -
87 2 0 0.83 2.5000 1.0 -
88 3 0 0.72 2.5000 1.0 -
89 23 0 0.56 4.0000 1.0 -
90 2 0 0.89 2.5000 1.0 -
91 4 0 0.78 2.5000 1.0 -
92 2 0 1.28 1.7500 1.0 -
93 14 0 0.44 4.0000 1.0 -
94 2 0 0.89 2.5000 1.0 -
95 2 0 0.83 2.5000 1.0 -
96 3 0 0.78 2.5000 1.0 -
97 2 0 0.94 2.5000 1.0 -
98 2 0 0.67 2.5000 1.0 -
99 2 0 1.28 1.7500 1.0 -
100 6 0 0.94 2.5000 1.0 -
101 4 0 0.72 2.5000 1.0 -
102 2 0 0.94 2.5000 1.0 -
103 5 0 0.89 2.5000 1.0 -
104 4 0 0.78 2.5000 1.0 -
105 2 0 0.89 2.5000 1.0 -
106 2 1 0.78 2.5000 1.0 -
107 3 0 0.72 2.5000 1.0 -
108 2 0 1.00 2.5000 1.0 -
109 2 0 0.94 2.5000 1.0 -
110 2 1 0.83 2.5000 1.0 -
111 3 0 1.00 2.5000 1.0 -
112 4 0 0.94 2.5000 1.0 -
113 2 1 0.78 2.5000 1.0 -
114 2 1 0.78 2.5000 1.0 -
115 2 1 1.22 1.7500 1.0 -
116 12 0 0.44 4.0000 1.0 -
117 3 0 1.06 1.7500 1.0 -
118 4 0 0.67 2.5000 1.0 -
119 2 1 1.00 2.5000 1.0 -
120 2 1 0.94 2.5000 1.0 -
121 3 0 0.89 2.5000 1.0 -
122 3 0 0.72 2.5000 1.0 -
123 3 0 1.17 1.7500 1.0 -
124 3 0 1.17 1.7500 1.0 -
125 3 0 0.67 2.5000 1.0 -
126 3 0 0.89 2.5000 1.0 -
127 3 0 0.72 2.5000 1.0 -
128 5 0 0.67 2.5000 1.0 -
129 3 0 1.06 1.7500 1.0 -
130 5 0 0.83 2.5000 1.0 -
131 2 1 0.78 2.5000 1.0 -
132 2 0 0.83 2.5000 1.0 -
133 4 0 0.72 2.5000 1.0 -
134 2 0 0.83 2.5000 1.0 -
135 4 0 0.94 2.5000 1.0 -
136 3 0 0.83 2.5000 1.0 -
137 2 0 0.72 2.5000 1.0 -
138 2 0 0.72 2.5000 1.0 -
139 2 0 0.72 2.5000 1.0 -
140 2 0 0.89 2.5000 1.0 -
141 2 0 1.06 1.7500 1.0 -
142 3 0 0.83 2.5000 1.0 -
143 2 0 1.00 2.5000 1.0 -
144 2 0 1.00 2.5000 1.0 -
145 2 0 0.83 2.5000 1.0 -
146 2 0 0.78 2.5000 1.0 -
147 2 0 1.00 2.5000 1.0 -
148 2 0 0.83 2.5000 1.0 -
149 2 0 1.00 2.5000 1.0 -
150 2 0 0.94 2.5000 1.0 -
151 2 0 0.67 2.5000 1.0 -
152 3 0 0.94 2.5000 1.0 -
153 3 0 0.94 2.5000 1.0 -
154 4 0 0.56 4.0000 1.0 -
155 2 0 0.94 2.5000 1.0 -
156 2 0 0.94 2.5000 1.0 -
157 2 0 0.78 2.5000 1.0 -
158 2 0 0.83 2.5000 1.0 -
159 2 0 1.06 1.7500 1.0 -
160 2 0 0.67 2.5000 1.0 -
161 2 0 0.89 2.5000 1.0 -
162 2 0 0.94 2.5000 1.0 -
163 3 0 1.00 2.5000 1.0 -
164 2 0 0.67 2.5000 1.0 -
165 2 0 1.00 2.5000 1.0 -
166 1 1 1.00 2.5000 1.0 -
167 2 0 0.50 4.0000 1.0 -
168 2 0 0.56 4.0000 1.0 -
169 1 1 0.94 2.5000 1.0 -
170 1 1 1.00 2.5000 1.0 -
171 1 1 0.89 2.5000 1.0 -
172 1 1 0.89 2.5000 1.0 -
173 1 1 1.06 1.7500 1.0 -
174 2 0 0.56 4.0000 1.0 -
175 1 1 0.78 2.5000 1.0 -
