#Task    Step    numberOfAcceptedPeleSteps    currentEnergy    bindingEnergy    ligandSASA    ligandRMSD    L1_C3-H38_OG    H38_HG-H175_ND1    H175_HE2-H40_OE2    H175_HE2-H40_OE1    
1    0    0    -3555.69    -4.60433    0.399466    2.73324    5.20716    6.78835    3.74744    1.81036    
1    2    1    -3564.11    -1.68589    0.41098    2.21266    5.55838    6.81383    3.66781    1.72676    
1    4    2    -3572.66    -3.33727    0.432353    3.61729    5.84613    6.81198    3.66071    1.70361    
1    6    3    -3573.64    -1.84724    0.475401    3.73046    4.78075    6.79912    3.6487    1.67119    
1    7    4    -3582.18    -5.445    0.574641    4.28519    3.55231    6.6397    3.77906    1.59021    
1    8    5    -3602.38    -3.88852    0.631607    4.53291    4.00871    6.58483    3.69941    1.57216    
1    9    6    -3601.28    -3.5672    0.657057    4.84734    4.20168    6.39529    3.7463    1.60432    
1    10    7    -3609.37    -3.59667    0.509743    4.65995    4.25049    6.3522    3.73257    1.56854    
1    11    8    -3608.48    -1.84851    0.543226    4.71692    4.73383    6.23012    3.79353    1.61885    
1    12    9    -3613.64    -3.35875    0.667475    5.05243    5.72787    6.23327    3.85265    1.67075    
1    13    10    -3658.93    -2.19037    0.62377    5.28086    6.98145    6.23433    3.76284    1.58031    
