#Task    Step    numberOfAcceptedPeleSteps    currentEnergy    bindingEnergy    ligandSASA    ligandRMSD    L1_C3-H38_OG    H38_HG-H175_ND1    H175_HE2-H40_OE2    H175_HE2-H40_OE1    
1    0    0    -3625.32    -3.32696    0.621533    5.10877    5.77748    6.05094    3.58523    1.48799    
1    1    1    -3633.71    -2.69492    0.655703    5.10972    4.13377    6.03438    3.68806    1.54181    
1    2    2    -3638.32    -3.59599    0.573735    4.94562    5.16822    6.00639    3.71371    1.55217    
1    4    3    -3641.37    -4.22776    0.61938    4.70771    4.47616    5.91316    3.73082    1.5623    
1    6    4    -3643.47    -3.4967    0.596847    5.33021    4.39935    5.95589    3.72532    1.56665    
1    8    5    -3644.59    -3.52729    0.60238    5.15073    4.14433    5.93129    3.7225    1.56621    
1    10    6    -3647.4    -4.50866    0.624438    4.84537    4.51461    5.77913    3.71663    1.56825    
1    12    7    -3645.06    -3.08228    0.530786    4.31795    4.67181    5.68422    3.7244    1.57125    
1    14    8    -3645.6    -1.88649    0.692092    4.69042    4.36533    5.67451    3.70256    1.56594    
