#Task    Step    numberOfAcceptedPeleSteps    currentEnergy    bindingEnergy    ligandSASA    ligandRMSD    L1_C8-H38_OG    H38_HG-H175_ND1    H175_HE2-H40_OE2    H175_HE2-H40_OE1    
1    0    0    -3976.61    -10.6231    0.423381    5.72918    5.9772    7.94331    3.45103    1.41866    
1    1    1    -3981.9    -7.7792    0.426787    5.43552    8.36721    7.90017    3.73447    1.5371    
1    5    2    -3982.62    -11.3354    0.526829    6.43954    5.78375    7.31917    3.85767    1.7188    
1    7    3    -3983.72    -3.23882    0.596625    6.49353    5.20577    7.32263    3.55184    1.58757    
1    8    4    -3983.34    0.306201    0.586425    4.50059    8.0056    7.31754    3.50687    1.57347    
1    9    5    -3985.7    -3.56525    0.634041    5.15347    9.20688    5.97875    3.54191    1.51597    
1    10    6    -3986.93    2.50814    0.762897    4.3895    8.90303    6.07815    3.51518    1.52983    
1    11    7    -3985.59    0.126263    0.726614    5.68874    9.26406    6.85819    3.52407    1.57684    
1    14    8    -3983.47    2.24299    0.690226    5.523    8.78202    6.85819    3.52407    1.57684    
