#Task    Step    numberOfAcceptedPeleSteps    currentEnergy    bindingEnergy    ligandSASA    ligandRMSD    L1_C2-H38_OG    H38_HG-H175_ND1    H175_HE2-H40_OE2    H175_HE2-H40_OE1    
1    0    0    -3860.15    -6.30576    0.550109    4.56615    5.82657    4.12769    3.44769    1.43017    
1    1    1    -3864.32    -4.93819    0.57431    4.61931    4.81384    5.55929    3.52826    1.44398    
1    2    2    -3865.64    -3.12821    0.574933    4.14858    3.19098    5.59004    3.66331    1.47262    
1    3    3    -3867.89    -4.58395    0.678113    5.55938    4.67728    4.30049    3.6782    1.52152    
1    4    4    -3867.41    -2.99372    0.745072    5.84977    4.22691    4.40059    3.70351    1.53862    
1    6    5    -3870.34    -5.01953    0.59729    5.97547    4.27098    4.54363    3.75099    1.53611    
1    8    6    -3872.61    -6.74265    0.660649    5.9786    6.49418    5.05785    3.71426    1.52243    
1    10    7    -3873.92    -8.63507    0.510455    5.30787    6.25705    5.00055    3.74577    1.5188    
1    14    8    -3874.26    -8.33392    0.536208    5.7165    6.97431    4.9282    3.7095    1.52776    
