#Task    Step    numberOfAcceptedPeleSteps    currentEnergy    bindingEnergy    ligandSASA    ligandRMSD    L1_C2-H38_OG    H38_HG-H175_ND1    H175_HE2-H40_OE2    H175_HE2-H40_OE1    
1    0    0    -3856.67    -6.76832    0.560449    4.94962    3.92358    4.26882    3.34308    1.59298    
1    1    1    -3862.77    -6.04871    0.631388    4.84558    5.29936    5.18418    3.28233    1.46467    
1    2    2    -3868.2    -6.08768    0.487028    4.54691    6.25191    5.02585    3.33303    1.47864    
1    3    3    -3867.62    -8.19018    0.578745    5.03395    4.81615    4.91578    3.3037    1.57901    
1    4    4    -3868.16    -10.1377    0.490746    5.19036    3.95315    4.71991    3.37167    1.58326    
1    6    5    -3867.73    -4.19618    0.402408    4.32422    4.05941    4.84705    3.33333    1.55159    
1    7    6    -3866.48    -10.6972    0.499752    4.83564    3.72777    4.81878    3.36628    1.58286    
1    12    7    -3865.14    -6.79292    0.496742    5.13328    3.02357    4.56502    3.39276    1.58481    
1    13    8    -3861.9    -5.87364    0.433892    5.59002    3.57969    5.0135    3.27706    1.52672    
1    14    9    -3865.44    -6.3035    0.477052    5.58459    4.2786    4.90385    3.33545    1.53053    
