#Task    Step    numberOfAcceptedPeleSteps    currentEnergy    bindingEnergy    ligandSASA    ligandRMSD    L1_C2-H38_OG    H38_HG-H175_ND1    H175_HE2-H40_OE2    H175_HE2-H40_OE1    
1    0    0    -3864.3    -9.43361    0.521735    6.82325    4.56729    6.30692    3.28556    1.42274    
1    2    1    -3869.5    -8.34922    0.532847    6.35668    5.47303    6.32149    3.35412    1.54121    
1    3    2    -3866.72    -7.76365    0.504328    4.9882    5.59263    4.61444    3.41871    1.57153    
1    4    3    -3870.04    -5.65601    0.553977    4.69157    6.22025    4.66296    3.34209    1.54469    
1    5    4    -3870.22    -7.29411    0.516016    5.71053    3.45897    4.61787    3.45645    1.60812    
1    6    5    -3869    -5.45906    0.624045    5.61958    4.35343    4.81996    3.44632    1.57381    
1    8    6    -3869.94    -6.12097    0.655546    5.28436    3.5178    4.68498    3.43579    1.56227    
1    10    7    -3873.94    -9.95612    0.553874    5.49929    3.59689    4.69901    3.42539    1.55398    
1    12    8    -3870.91    -6.53396    0.560884    6.20623    3.94813    4.83352    3.55815    1.53994    
1    14    9    -3871.74    -7.48844    0.611125    5.96902    3.88865    5.01246    3.58654    1.54139    
