#Task    Step    numberOfAcceptedPeleSteps    currentEnergy    bindingEnergy    ligandSASA    ligandRMSD    L1_C2-H38_OG    H38_HG-H175_ND1    H175_HE2-H40_OE2    H175_HE2-H40_OE1    
1    0    0    -3857.72    -5.11473    0.610578    5.04479    6.67354    5.22921    3.63524    1.53052    
1    1    1    -3862.56    -4.34316    0.637238    4.88164    5.2423    5.17247    3.60314    1.59006    
1    2    2    -3866.44    -4.76633    0.685177    5.07296    4.13403    5.23499    3.61472    1.57914    
1    3    3    -3865    -6.24683    0.591316    5.74934    4.58058    5.11048    3.61844    1.53077    
1    4    4    -3867.45    -5.27269    0.598139    4.92891    4.44069    5.30961    3.63897    1.5509    
1    6    5    -3869.63    -5.24376    0.560955    4.96179    4.84934    5.3312    3.6431    1.54729    
1    8    6    -3869.41    -3.90269    0.643459    4.8983    5.3035    5.38531    3.67952    1.5401    
1    10    7    -3870.01    -6.98441    0.455343    4.76538    5.60678    5.50245    3.68678    1.53161    
1    12    8    -3873.99    -9.39267    0.374921    4.41325    4.38411    5.47916    3.69582    1.52861    
1    14    9    -3873.23    -8.55706    0.447647    4.39039    5.20827    5.4858    3.69536    1.52942    
