#cluster size degeneracy contacts threshold density metric
0 40 0 0.87 2.5000 1.0 -
1 48 0 0.53 4.0000 1.0 -
2 6 0 0.93 2.5000 1.0 -
3 9 0 1.00 2.5000 1.0 -
4 7 0 1.00 2.5000 1.0 -
5 10 0 0.93 2.5000 1.0 -
6 6 0 1.07 1.7500 1.0 -
7 45 0 0.47 4.0000 1.0 -
8 6 0 0.73 2.5000 1.0 -
9 10 0 0.67 2.5000 1.0 -
10 7 0 0.73 2.5000 1.0 -
11 13 0 0.80 2.5000 1.0 -
12 5 0 0.67 2.5000 1.0 -
13 11 0 1.07 1.7500 1.0 -
14 5 0 1.20 1.7500 1.0 -
15 5 0 1.07 1.7500 1.0 -
16 17 0 0.60 4.0000 1.0 -
17 7 0 0.67 2.5000 1.0 -
18 5 0 0.67 2.5000 1.0 -
19 26 0 0.53 4.0000 1.0 -
20 9 0 0.60 4.0000 1.0 -
21 14 0 0.33 6.0000 1.0 -
22 6 0 0.60 4.0000 1.0 -
23 10 0 0.93 2.5000 1.0 -
24 8 0 1.13 1.7500 1.0 -
25 5 0 1.07 1.7500 1.0 -
26 8 0 0.73 2.5000 1.0 -
27 5 0 1.07 1.7500 1.0 -
28 7 0 1.33 1.7500 1.0 -
29 5 0 1.13 1.7500 1.0 -
30 6 0 1.27 1.7500 1.0 -
31 9 0 0.80 2.5000 1.0 -
32 8 0 1.27 1.7500 1.0 -
33 5 0 1.27 1.7500 1.0 -
34 6 0 0.73 2.5000 1.0 -
35 13 0 0.47 4.0000 1.0 -
36 6 0 1.00 2.5000 1.0 -
37 5 0 1.20 1.7500 1.0 -
38 10 0 1.00 2.5000 1.0 -
39 7 0 1.20 1.7500 1.0 -
40 9 0 0.87 2.5000 1.0 -
41 5 0 1.27 1.7500 1.0 -
42 5 0 0.87 2.5000 1.0 -
43 11 0 1.00 2.5000 1.0 -
44 4 1 0.93 2.5000 1.0 -
45 6 0 1.20 1.7500 1.0 -
46 7 0 1.00 2.5000 1.0 -
47 5 0 1.27 1.7500 1.0 -
48 4 1 0.80 2.5000 1.0 -
49 3 1 0.80 2.5000 1.0 -
50 6 0 0.47 4.0000 1.0 -
51 6 0 0.60 4.0000 1.0 -
52 3 1 0.87 2.5000 1.0 -
53 5 0 1.27 1.7500 1.0 -
54 4 1 1.07 1.7500 1.0 -
55 6 0 1.13 1.7500 1.0 -
56 7 0 1.00 2.5000 1.0 -
57 4 1 1.00 2.5000 1.0 -
58 2 1 1.00 2.5000 1.0 -
59 1 2 1.00 2.5000 1.0 -
60 1 2 1.07 1.7500 1.0 -
61 1 2 1.07 1.7500 1.0 -
62 3 1 1.00 2.5000 1.0 -
63 2 1 1.00 2.5000 1.0 -
