#Task    Step    numberOfAcceptedPeleSteps    currentEnergy    bindingEnergy    ligandSASA    ligandRMSD    L1_C8-H38_OG    H38_HG-H175_ND1    H175_HE2-H40_OE2    H175_HE2-H40_OE1    
1    0    0    -3975.04    -9.12353    0.477123    5.74511    6.84664    7.85197    3.49331    1.47262    
1    2    1    -3977.14    0.619311    0.515454    6.36826    7.84647    7.85444    3.55851    1.50715    
1    3    2    -3979.14    -12.466    0.562547    6.24212    8.55208    7.86687    3.60453    1.54073    
1    4    3    -3978.9    0.446248    0.63746    6.65652    7.42534    7.86637    3.50147    1.50658    
1    6    4    -3973.1    -0.343964    0.548204    6.4148    8.06277    4.81147    7.35404    6.75454    
1    8    5    -3970.93    3.23889    0.417981    3.60716    9.78751    6.92013    8.64268    8.20603    
1    9    6    -3967.38    -0.807885    0.564241    5.17507    8.13413    6.67452    6.89732    6.57534    
1    10    7    -3966.59    1.86117    0.63976    4.49626    7.23433    6.66447    6.90728    6.57869    
1    11    8    -3973.25    4.15282    0.732712    4.90999    9.24087    6.67669    6.76283    6.3253    
1    12    9    -3977.86    2.85895    0.752056    7.38128    9.03099    6.65136    6.69113    6.37786    
1    13    10    -3978.34    -0.914092    0.731777    7.34453    6.10297    6.40812    6.21249    6.57281    
1    15    11    -3982.17    -1.42023    0.519822    6.39816    5.10255    6.57111    6.48837    6.23641    
