#Task    Step    numberOfAcceptedPeleSteps    currentEnergy    bindingEnergy    ligandSASA    ligandRMSD    L1_C8-H38_OG    H38_HG-H175_ND1    H175_HE2-H40_OE2    H175_HE2-H40_OE1    
1    0    0    -3954.47    -4.66349    0.513881    5.81171    4.48791    2.52731    12.7268    11.26    
1    1    1    -3961.5    -6.9389    0.556731    5.4264    5.45606    6.13847    7.06494    6.29192    
1    2    2    -3961.54    -3.42371    0.624368    4.51929    6.28761    6.06444    7.10187    6.30888    
1    3    3    -3967.08    -3.84488    0.627654    4.66352    6.15694    5.77938    7.1506    6.38639    
1    4    4    -3965.46    1.93307    0.726995    5.26413    7.01943    5.81194    7.27981    6.48386    
1    8    5    -3963.59    3.73094    0.71258    5.85542    6.55418    5.84703    7.30093    6.477    
1    9    6    -3961.97    -4.91181    0.673213    6.45238    5.12158    5.51039    7.10882    6.34927    
1    11    7    -3962.28    -4.91789    0.694874    6.66908    4.22974    5.7598    7.16608    6.44943    
1    12    8    -3967.02    -3.24506    0.550871    5.51525    4.76999    6.33449    5.14123    4.10058    
