#Task    Step    numberOfAcceptedPeleSteps    currentEnergy    bindingEnergy    ligandSASA    ligandRMSD    L1_C8-H38_OG    H38_HG-H175_ND1    H175_HE2-H40_OE2    H175_HE2-H40_OE1    
1    0    0    -3948.63    -6.95507    0.433681    6.9095    7.91435    2.83    13.1191    11.7489    
1    1    1    -3968.25    -5.32811    0.255878    5.00989    9.98364    2.43542    13.137    11.7206    
1    3    2    -3969.61    -11.5207    0.420273    5.44531    8.35794    2.39485    12.9459    11.4526    
1    4    3    -3962.16    2.08367    0.375466    5.27252    8.97187    2.31717    12.9423    11.447    
1    5    4    -3973.89    -4.76926    0.418293    6.89094    8.02764    5.31025    5.78372    4.90252    
1    6    5    -3975.6    -0.695476    0.576014    7.05917    8.56768    5.37596    5.72883    4.86637    
1    8    6    -3972.43    3.34734    0.568359    6.96938    7.60366    6.15561    12.1273    10.9188    
1    9    7    -3974.92    -11.6951    0.473231    7.58886    9.89765    4.77894    13.5738    11.9436    
1    10    8    -3980.39    -5.29069    0.482632    7.37291    8.6027    4.7742    13.4967    11.8918    
