#Task    Step    numberOfAcceptedPeleSteps    currentEnergy    bindingEnergy    ligandSASA    ligandRMSD    L1_C8-H38_OG    H38_HG-H175_ND1    H175_HE2-H40_OE2    H175_HE2-H40_OE1    
1    0    0    -3948.63    -6.95507    0.433681    6.9095    7.91435    2.83    13.1191    11.7489    
1    1    1    -3959.18    -3.96186    0.463984    7.11554    9.42161    2.68991    13.015    11.4242    
1    2    2    -3972.5    -3.7635    0.519345    6.81953    7.47384    2.5085    12.9941    11.5177    
1    4    3    -3978.27    -7.39166    0.426784    7.23105    8.12352    2.46202    12.9773    11.4956    
1    6    4    -3970.4    2.13582    0.387551    6.4054    8.35686    2.43589    12.9985    11.5326    
1    7    5    -3974    -14.5388    0.455835    7.31098    8.21393    2.38017    12.6996    11.4012    
1    9    6    -3977.61    -6.67668    0.490897    6.89096    7.13659    2.35294    12.5986    11.2973    
1    10    7    -3980.25    -5.38657    0.571883    7.61984    6.95886    2.22685    12.6277    11.3185    
1    11    8    -3975.55    -6.51002    0.569627    6.94111    9.27693    2.13902    12.6175    11.1496    
