#Task    Step    numberOfAcceptedPeleSteps    currentEnergy    bindingEnergy    ligandSASA    ligandRMSD    L1_C8-H38_OG    H38_HG-H175_ND1    H175_HE2-H40_OE2    H175_HE2-H40_OE1    
1    0    0    -3946.98    5.47829    0.508744    5.98627    7.15417    3.14411    7.37137    6.45102    
1    2    1    -3960.45    -0.812114    0.630753    6.05637    6.69466    3.16274    7.35687    6.42689    
1    3    2    -3957.78    -0.818669    0.660673    5.06243    6.31642    3.12317    7.4142    6.4587    
1    4    3    -3961.17    -0.207392    0.677888    4.54512    5.50597    3.11307    7.4744    6.51435    
1    5    4    -3961.11    -2.11312    0.622901    6.74003    3.80696    3.05269    7.16226    5.49641    
1    6    5    -3963.91    -2.28846    0.688038    6.97548    4.52731    3.05367    7.36572    5.69259    
1    7    6    -3963.95    -2.95094    0.713431    7.06295    3.89918    3.15066    7.3438    5.65215    
1    8    7    -3964.51    -1.62356    0.692946    6.68747    4.17869    3.15292    7.32289    5.59538    
1    10    8    -3961.18    1.58786    0.679155    6.49266    4.82103    3.11058    7.53432    5.83979    
1    11    9    -3958.23    -0.911957    0.707769    6.63825    4.66991    3.0906    6.97422    5.24694    
1    12    10    -3959.36    -1.34363    0.669291    6.23798    4.97561    3.08076    7.15789    5.50956    
1    13    11    -3959.44    -5.09326    0.668677    4.0428    7.10743    5.07822    7.1877    5.51992    
