#Task    Step    numberOfAcceptedPeleSteps    currentEnergy    bindingEnergy    ligandSASA    ligandRMSD    L1_C8-H38_OG    H38_HG-H175_ND1    H175_HE2-H40_OE2    H175_HE2-H40_OE1    
1    0    0    -3942.72    -6.07498    0.36019    3.57722    7.65276    5.52914    7.10119    5.71589    
1    1    1    -3950.67    -2.88891    0.35153    2.63411    7.73429    4.53973    5.21462    4.91705    
1    2    2    -3955.52    -1.01298    0.439052    2.60786    7.66587    4.60838    5.3415    5.06521    
1    3    3    -3960.48    -1.91918    0.409912    2.74342    7.26302    2.25956    5.31751    5.13549    
1    4    4    -3964.55    -1.62863    0.477272    2.74753    7.85666    2.22936    5.42193    5.25404    
1    5    5    -3971.03    -1.63897    0.444435    3.87507    8.07112    1.82577    5.65461    5.35708    
1    6    6    -3978.3    -2.79039    0.425265    3.21712    7.82986    1.95532    5.87986    5.50514    
1    8    7    -3986.89    -0.26096    0.492177    3.54322    7.81694    1.95855    5.91702    5.53082    
1    11    8    -3988.01    -6.25471    0.547151    3.51295    7.25683    1.99081    5.79409    5.45848    
1    12    9    -3986.22    -2.71529    0.500769    3.78882    6.26771    1.98784    5.78881    5.4568    
