#Task    Step    numberOfAcceptedPeleSteps    currentEnergy    bindingEnergy    ligandSASA    ligandRMSD    L1_C8-H38_OG    H38_HG-H175_ND1    H175_HE2-H40_OE2    H175_HE2-H40_OE1    
1    0    0    -3976.15    -1.4978    0.533144    6.39646    5.10233    6.58171    6.48187    6.2299    
1    1    1    -3978.94    -2.13409    0.589134    6.40087    6.02542    6.51439    6.41277    6.2194    
1    2    2    -3976.87    3.65683    0.577766    6.1267    5.65568    6.51662    6.50137    6.37435    
1    4    3    -3976.62    4.26656    0.62888    6.19083    6.70393    6.52167    6.48569    6.41347    
1    6    4    -3976.16    1.79063    0.613363    5.93778    6.22849    6.48063    6.55727    6.64013    
1    8    5    -3979.79    2.86799    0.692911    6.74037    7.09085    6.465    6.47267    6.67226    
1    10    6    -3981.02    1.6301    0.557852    6.18852    6.8066    6.465    6.47267    6.67226    
1    14    7    -3983.06    -1.23715    0.62206    6.4531    5.09243    6.49781    6.43346    6.65874    
1    16    8    -3980.71    1.95764    0.684069    6.99999    6.45135    6.45965    6.43247    6.70215    
1    17    9    -3983.46    -7.82121    0.660874    6.89785    7.41854    6.49669    6.32994    6.35706    
