#Task    Step    numberOfAcceptedPeleSteps    currentEnergy    bindingEnergy    ligandSASA    ligandRMSD    L1_C8-H38_OG    H38_HG-H175_ND1    H175_HE2-H40_OE2    H175_HE2-H40_OE1    
1    0    0    -3942.41    -5.5928    0.526973    3.84269    8.73212    6.38057    6.82062    5.20801    
1    4    1    -3948.21    -0.24332    0.668508    3.14472    7.76814    6.34124    7.06163    5.37749    
1    5    2    -3969.37    -1.56305    0.567017    2.85064    7.55396    5.82069    7.38791    5.62429    
1    7    3    -3969.18    -2.23379    0.681673    3.69835    6.85283    6.27829    7.34375    5.6796    
1    8    4    -3969.27    -0.857393    0.534743    5.50678    7.14032    6.45015    7.37332    5.6241    
1    10    5    -3960.8    -2.28185    0.643595    3.85384    6.52964    6.02988    10.7134    10.7848    
1    11    6    -3958.92    -1.59462    0.572137    5.62867    7.47857    5.0068    5.80769    4.28315    
1    12    7    -3962.72    -6.40013    0.701439    4.56915    6.99033    4.99964    5.66453    4.08413    
1    13    8    -3963.01    -6.46505    0.666053    6.20828    6.87898    5.34213    5.75378    4.23803    
1    14    9    -3966.79    0.406396    0.685481    7.0507    6.99897    5.43082    5.68807    4.24691    
1    15    10    -3970.52    -7.61056    0.545269    6.39318    5.11705    4.99591    5.64366    4.1117    
