#Task    Step    numberOfAcceptedPeleSteps    currentEnergy    bindingEnergy    ligandSASA    ligandRMSD    L1_C8-H38_OG    H38_HG-H175_ND1    H175_HE2-H40_OE2    H175_HE2-H40_OE1    
1    0    0    -3955.83    -5.12114    0.459518    6.35774    7.87944    4.60461    3.63105    4.81972    
1    1    1    -3961.62    -1.9599    0.549539    6.67168    7.35659    4.54081    3.61825    4.87265    
1    3    2    -3972.47    -5.5153    0.389757    5.09436    7.32546    5.9684    5.50629    5.98176    
1    5    3    -3970.58    -4.03991    0.493322    6.50711    7.12216    5.90381    5.56215    5.91753    
1    7    4    -3969.77    -2.02193    0.485493    6.50106    6.66061    4.7055    8.36498    7.92525    
1    8    5    -3972.24    0.634163    0.552362    6.83638    6.90055    4.77873    8.44627    8.00676    
1    10    6    -3975.87    -1.11289    0.546758    6.21117    6.18046    4.79755    8.55538    7.92892    
1    12    7    -3974.64    2.86518    0.539424    6.21222    7.92543    4.79264    8.51429    7.88435    
1    14    8    -3981.3    -0.887487    0.657037    6.68902    7.49913    4.72778    8.45569    7.83135    
