#Task    Step    numberOfAcceptedPeleSteps    currentEnergy    bindingEnergy    ligandSASA    ligandRMSD    L1_C3-H38_OG    H38_HG-H175_ND1    H175_HE2-H40_OE2    H175_HE2-H40_OE1    
1    0    0    -3641.14    -6.68908    0.160338    3.41003    7.23775    6.4831    1.53506    3.61985    
1    1    1    -3656.11    -9.49193    0.177892    2.6615    5.47136    6.57961    1.57077    3.64849    
1    2    2    -3661.53    -7.28653    0.244503    2.89556    4.98933    6.48551    1.57607    3.62764    
1    4    3    -3665.42    -9.21208    0.346156    3.18616    3.89324    6.43822    1.55361    3.61508    
1    6    4    -3663.07    -6.8924    0.347746    3.25845    3.34425    6.26524    1.5539    3.61388    
1    9    5    -3654.69    -9.09453    0.302383    3.00102    4.06125    5.93919    1.50139    3.64203    
1    10    6    -3666.33    -10.8636    0.248977    2.95101    5.07358    5.96429    1.52293    3.67817    
1    12    7    -3668.05    -10.8929    0.216075    3.17332    4.854    5.97818    1.50952    3.65787    
1    14    8    -3670.42    -11.1717    0.247963    2.88398    5.3004    5.95762    1.52907    3.68921    
