#Task    Step    numberOfAcceptedPeleSteps    currentEnergy    bindingEnergy    ligandSASA    ligandRMSD    L1_C3-H38_OG    H38_HG-H175_ND1    H175_HE2-H40_OE2    H175_HE2-H40_OE1    
1    0    0    -3647.87    -8.28788    0.228022    3.76343    6.32206    6.57402    1.53    3.64974    
1    1    1    -3647.16    -8.7593    0.263902    3.31646    6.34532    6.46023    1.54056    3.64792    
1    2    2    -3650.74    -9.16147    0.23755    4.11361    6.20632    6.57962    1.53664    3.64108    
1    6    3    -3645.92    -2.98947    0.363353    4.22478    6.7229    6.56616    1.53684    3.65074    
1    7    4    -3646.09    -7.57572    0.485511    4.44646    6.51644    6.48381    1.52495    3.66167    
1    9    5    -3644.95    -2.32979    0.531806    4.95957    4.73217    6.55993    1.52951    3.62904    
1    10    6    -3646.43    -3.23898    0.606666    4.15796    4.60881    6.52621    1.53287    3.64638    
1    12    7    -3647.79    -3.81489    0.593774    3.67576    3.60293    6.42616    1.53145    3.66473    
1    14    8    -3649.74    -6.04056    0.459314    3.43336    4.34357    6.45352    1.53236    3.67255    
