* LIGAND DATABASE FILE (openff_unconstrained-2.0.0.offxml)
* File generated with peleffy-1.4.4
* Compatible with PELE's OPLS implementation
*
LIG      24    24    38      65       0
    1     0 M  OFFT  _C8_     0  156.919310  179.599201   22.544597
    2     1 M  OFFT  _O3_     0    1.268184   82.488150   99.737592
    3     1 S  OFFT  _C3_     0    1.452978   84.542329  -21.614041
    4     1 S  OFFT  _O4_     0    1.368819  104.492192 -139.668043
    5     3 S  OFFT  _C2_     0    1.366257  148.962716 -139.965870
    6     4 S  OFFT  _C9_     0    1.379746  153.772910  -79.782122
    7     5 S  OFFT  _C1_     0    1.379038  149.502551 -179.923569
    8     5 S  OFFT  _H3_     0    1.099726  146.826514   -0.002018
    9     6 S  OFFT  C10_     0    1.497407  147.750682  173.954044
   10     6 S  OFFT  _H6_     0    1.100612  148.503308   -6.017437
   11     6 S  OFFT  _H7_     0    1.100322  128.593262   83.919838
   12     7 S  OFFT  _C6_     0    1.378964  150.094596   -0.081319
   13     7 S  OFFT  _H2_     0    1.100057  146.220849 -179.961781
   14     9 S  OFFT  _O5_     0    1.374408  144.023848  -47.214784
   15     9 S  OFFT  _H8_     0    1.099609  147.518346  132.738275
   16     9 S  OFFT  _H9_     0    1.099335  126.278745 -137.219085
   17    12 S  OFFT  _C5_     0    1.365586  150.586511    0.117941
   18    12 S  OFFT  _C7_     0    1.462461  149.904286 -179.959766
   19    14 S  OFFT  _H1_     0    0.996456  140.520228  178.514206
   20    17 S  OFFT  _C4_     0    1.386057  149.097096   -0.112387
   21    17 S  OFFT  _H5_     0    1.099694  147.082810  179.906006
   22    18 S  OFFT  _O1_     0    1.272429  147.747105 -170.799548
   23    18 S  OFFT  _O2_     0    1.368527  150.258275    9.261971
   24    20 S  OFFT  _H4_     0    1.100217  145.894500 -179.962396
NBON
     1   3.4806   0.0869   0.664700   0.0000   1.7403   0.000000000   0.000000000
     2   3.0398   0.2102  -0.576000   0.0000   1.5199   0.000000000   0.000000000
     3   3.4806   0.0869  -0.178600   0.0000   1.7403   0.000000000   0.000000000
     4   3.0251   0.1685  -0.460900   0.0000   1.5126   0.000000000   0.000000000
     5   3.4806   0.0869  -0.095500   0.0000   1.7403   0.000000000   0.000000000
     6   3.3795   0.1088   0.100400   0.0000   1.6898   0.000000000   0.000000000
     7   3.4806   0.0869  -0.131500   0.0000   1.7403   0.000000000   0.000000000
     8   2.5726   0.0156   0.127500   0.0000   1.2863   0.000000000   0.000000000
     9   3.3795   0.1088   0.130400   0.0000   1.6898   0.000000000   0.000000000
    10   2.5832   0.0164   0.055700   0.0000   1.2916   0.000000000   0.000000000
    11   2.5832   0.0164   0.055700   0.0000   1.2916   0.000000000   0.000000000
    12   3.4806   0.0869  -0.080600   0.0000   1.7403   0.000000000   0.000000000
    13   2.5726   0.0156   0.159500   0.0000   1.2863   0.000000000   0.000000000
    14   2.9972   0.2095  -0.608800   0.0000   1.4986   0.000000000   0.000000000
    15   2.5832   0.0164   0.047200   0.0000   1.2916   0.000000000   0.000000000
    16   2.5832   0.0164   0.047200   0.0000   1.2916   0.000000000   0.000000000
    17   3.4806   0.0869  -0.131500   0.0000   1.7403   0.000000000   0.000000000
    18   3.4806   0.0869   0.904200   0.0000   1.7403   0.000000000   0.000000000
    19   0.5345   0.0000   0.418000   0.0000   0.2673   0.000000000   0.000000000
    20   3.4806   0.0869  -0.095500   0.0000   1.7403   0.000000000   0.000000000
    21   2.5726   0.0156   0.159500   0.0000   1.2863   0.000000000   0.000000000
    22   3.0398   0.2102  -0.819800   0.0000   1.5199   0.000000000   0.000000000
    23   3.0398   0.2102  -0.819800   0.0000   1.5199   0.000000000   0.000000000
    24   2.5726   0.0156   0.127500   0.0000   1.2863   0.000000000   0.000000000
BOND
     7     5   360.785  1.387
     7    12   360.785  1.387
     7    13   397.255  1.085
     5     3   360.785  1.387
     5     8   397.255  1.085
     3    20   360.785  1.387
     3     1   279.135  1.455
    20    17   360.785  1.387
    20    24   397.255  1.085
    17    12   360.785  1.387
    17    21   397.255  1.085
    12    18   279.135  1.455
    18    22   577.455  1.257
    18    23   577.455  1.257
     1     2   582.699  1.225
     1     4   301.154  1.346
     4     6   366.741  1.426
     6     9   264.621  1.522
     6    10   370.047  1.094
     6    11   370.047  1.094
     9    14   329.970  1.427
     9    15   370.047  1.094
     9    16   370.047  1.094
    14    19   543.527  0.972
THET
     7     5     3    57.89829  126.80624
     7     5     8    34.06678  129.18359
     7    12    17    57.89829  126.80624
     7    12    18    57.89829  126.80624
     5     7    12    57.89829  126.80624
     5     7    13    34.06678  129.18359
     5     3    20    57.89829  126.80624
     5     3     1    57.89829  126.80624
     3     5     8    34.06678  129.18359
     3    20    17    57.89829  126.80624
     3    20    24    34.06678  129.18359
     3     1     2    57.89829  126.80624
     3     1     4    57.89829  126.80624
    20     3     1    57.89829  126.80624
    20    17    12    57.89829  126.80624
    20    17    21    34.06678  129.18359
    17    20    24    34.06678  129.18359
    17    12    18    57.89829  126.80624
    12     7    13    34.06678  129.18359
    12    17    21    34.06678  129.18359
    12    18    22    57.89829  126.80624
    12    18    23    57.89829  126.80624
    22    18    23   201.41175  127.46914
     1     4     6    65.09062  110.35388
     2     1     4   201.41175  127.46914
     4     6     9    53.20532  116.54759
     4     6    10    53.20532  116.54759
     4     6    11    53.20532  116.54759
     6     9    14    53.20532  116.54759
     6     9    15    53.20532  116.54759
     6     9    16    53.20532  116.54759
     9     6    10    53.20532  116.54759
     9     6    11    53.20532  116.54759
     9    14    19    65.09062  110.35388
    14     9    15    53.20532  116.54759
    14     9    16    53.20532  116.54759
    10     6    11    48.77649  115.60310
    15     9    16    48.77649  115.60310
PHI
    7     5     3    20   3.66193 -1.0 2.0
    7     5     3     1   3.66193 -1.0 2.0
    7    12   -17    20   3.66193 -1.0 2.0
    7    12    17    21   3.66193 -1.0 2.0
    7    12    18    22   0.99742 -1.0 2.0
    7    12    18    23   0.99742 -1.0 2.0
    5     7    12    17   3.66193 -1.0 2.0
    5     7    12    18   3.66193 -1.0 2.0
    5     3   -20    17   3.66193 -1.0 2.0
    5     3    20    24   3.66193 -1.0 2.0
    5     3     1     2   0.99742 -1.0 2.0
    5     3     1     4   0.99742 -1.0 2.0
    3     5     7    12   3.66193 -1.0 2.0
    3     5     7    13   3.66193 -1.0 2.0
    3    20   -17    12   3.66193 -1.0 2.0
    3    20    17    21   3.66193 -1.0 2.0
    3     1     4     6   2.77985 -1.0 2.0
   20     3     5     8   3.66193 -1.0 2.0
   20     3     1     2   0.99742 -1.0 2.0
   20     3     1     4   0.99742 -1.0 2.0
   20    17    12    18   3.66193 -1.0 2.0
   17    20     3     1   3.66193 -1.0 2.0
   17    12     7    13   3.66193 -1.0 2.0
   17    12    18    22   0.99742 -1.0 2.0
   17    12    18    23   0.99742 -1.0 2.0
   12     7     5     8   3.66193 -1.0 2.0
   12    17    20    24   3.66193 -1.0 2.0
   18    12     7    13   3.66193 -1.0 2.0
   18    12    17    21   3.66193 -1.0 2.0
    1     3     5     8   3.66193 -1.0 2.0
    1     3    20    24   3.66193 -1.0 2.0
    1     4     6     9   0.19183  1.0 3.0
    1     4     6    10   0.04738  1.0 3.0
    1     4     6    11   0.04738  1.0 3.0
    2     1     4     6   1.16381 -1.0 2.0
    4     6     9    14  -0.03097  1.0 3.0
    4     6     9    15   0.11155  1.0 3.0
    4     6     9    16   0.11155  1.0 3.0
    6     9    14    19   0.34454  1.0 3.0
   14     9     6    10   0.11155  1.0 3.0
   14     9     6    11   0.11155  1.0 3.0
   19    14     9    15   0.30264  1.0 3.0
   19    14     9    16   0.30264  1.0 3.0
   13     7     5     8   3.66193 -1.0 2.0
   24    20    17    21   3.66193 -1.0 2.0
   10     6     9    15   0.19119  1.0 3.0
   10     6     9    16   0.19119  1.0 3.0
   11     6     9    15   0.19119  1.0 3.0
   11     6     9    16   0.19119  1.0 3.0
    1     4     6     9   0.92022 -1.0 1.0
    2     1     4     6   0.16792 -1.0 1.0
    4     6     9    14   0.45982  1.0 2.0
    4     6     9    15   0.34325  1.0 1.0
    4     6     9    16   0.34325  1.0 1.0
    6     9    14    19   0.13646  1.0 1.0
   14     9     6    10   0.34325  1.0 1.0
   14     9     6    11   0.34325  1.0 1.0
IPHI
     7     5     3     8   1.10000 -1.0 2.0
     7    12    17    18   1.10000 -1.0 2.0
     5     7    12    13   1.10000 -1.0 2.0
     5     3    20     1   1.10000 -1.0 2.0
     3    20    17    24   1.10000 -1.0 2.0
     3     1     2     4  10.50000 -1.0 2.0
    20    17    12    21   1.10000 -1.0 2.0
    12    18    22    23  10.50000 -1.0 2.0
END
