#Task    Step    numberOfAcceptedPeleSteps    currentEnergy    bindingEnergy    ligandSASA    ligandRMSD    H38_OG-L1_C3    H38_OG-L1_C7    H38_OG-L1_C10    H38_HG-H175_ND1    H175_HE2-H40_OE2    H175_HE2-H40_OE1    
1    0    0    -3444.14    -13.0029    0.596186    6.13718    4.91554    3.34792    6.08511    5.99775    3.61428    1.54422    
1    1    1    -3445.96    -10.4271    0.506585    6.24602    4.55267    4.87183    6.8266    6.01919    3.67484    1.51525    
1    2    2    -3447.73    -5.23464    0.541111    6.53627    4.04034    6.53692    6.31722    5.99449    3.66145    1.50997    
1    3    3    -3447.28    -8.42607    0.600727    7.39552    7.69017    3.88056    4.92095    4.50077    3.62041    1.51063    
1    4    4    -3453.82    -1.86796    0.758413    7.31674    6.56551    7.50952    4.75874    4.51738    3.62008    1.53484    
1    8    5    -3467.67    -6.28032    0.630163    6.00703    5.08588    6.33792    8.57212    4.49952    3.61384    1.49435    
1    9    6    -3501.56    -4.27655    0.697437    5.9438    7.36129    8.2147    8.21912    5.99773    3.64813    1.49337    
1    10    7    -3527.65    -6.31894    0.650316    5.56475    5.58429    8.94934    11.0063    6.05049    3.59125    1.51998    
1    12    8    -3530.76    -7.08977    0.70818    6.52887    7.55447    6.78905    9.65001    6.06619    3.61684    1.52882    
