* LIGAND DATABASE FILE (openff_unconstrained-2.0.0.offxml)
* File generated with peleffy-1.4.4
* Compatible with PELE's OPLS implementation
*
LIG      38    37    66     108       0
    1     0 M  OFFT  _C5_     0  155.906501  179.602693   22.244533
    2     1 M  OFFT  _H8_     0    1.099973  113.159309   59.608998
    3     1 S  OFFT  _C4_     0    1.533277  109.212512  -64.722186
    4     1 S  OFFT  _C6_     0    1.521429    3.337513   35.063926
    5     1 S  OFFT  _O5_     0    1.417205  104.973579 -176.795648
    6     3 S  OFFT  _O2_     0    1.417920  143.564925  -60.905133
    7     3 S  OFFT  _H6_     0    1.100437  147.549546  119.033419
    8     3 S  OFFT  _H7_     0    1.100668  125.665639   29.057297
    9     4 S  OFFT  _O3_     0    1.406667  144.485736 -121.840503
   10     4 S  OFFT  _H9_     0    1.099668  147.111006   58.183894
   11     4 S  OFFT  H10_     0    1.099889  125.872199  148.177555
   12     5 S  OFFT  C10_     0    1.382205  151.170633  -73.349567
   13     6 S  OFFT  _C3_     0    1.380466  148.674017 -177.408780
   14     9 S  OFFT  _C7_     0    1.380910  152.246318   93.824853
   15    12 S  OFFT  _O6_     0    1.242353  147.609705   -1.065990
   16    12 S  OFFT  C11_     0    1.494431  150.833725  178.872151
   17    13 S  OFFT  _C2_     0    1.489440  151.963314 -172.506089
   18    13 S  OFFT  _O1_     0    1.248403  147.865082    7.504120
   19    14 S  OFFT  _O4_     0    1.245169  147.230704    6.518501
   20    14 S  OFFT  _C8_     0    1.497296  152.403766 -173.445046
   21    16 S  OFFT  C12_     0    1.515503  145.419020   64.555615
   22    16 S  OFFT  H16_     0    1.100325  147.895702 -115.473894
   23    16 S  OFFT  H17_     0    1.100079  126.348240  -25.448058
   24    17 S  OFFT  _C1_     0    1.517768  145.137501  154.072322
   25    17 S  OFFT  _H4_     0    1.099455  148.136269  -25.994861
   26    17 S  OFFT  _H5_     0    1.100775  126.421692 -115.931082
   27    20 S  OFFT  _C9_     0    1.520825  143.798014   79.761408
   28    20 S  OFFT  H11_     0    1.099590  148.829456 -100.330042
   29    20 S  OFFT  H12_     0    1.099449  126.318775  -10.279406
   30    21 S  OFFT  H18_     0    1.100191  179.973646   14.468599
   31    21 S  OFFT  H19_     0    1.100088  125.000320  -50.610034
   32    21 S  OFFT  H20_     0    1.099701  125.980828   39.481619
   33    24 S  OFFT  _H1_     0    1.100557  179.984681 -146.966011
   34    24 S  OFFT  _H2_     0    1.100580  125.361841 -105.157643
   35    24 S  OFFT  _H3_     0    1.100174  126.196041  -15.006152
   36    27 S  OFFT  H13_     0    1.100606  179.973435 -141.999454
   37    27 S  OFFT  H14_     0    1.099902  125.458110 -179.390532
   38    27 S  OFFT  H15_     0    1.100337  125.877058  -89.431756
NBON
     1   3.3795   0.1088   0.127100   0.0000   1.6898   0.000000000   0.000000000
     2   2.5832   0.0164   0.088700   0.0000   1.2916   0.000000000   0.000000000
     3   3.3795   0.1088   0.119400   0.0000   1.6898   0.000000000   0.000000000
     4   3.3795   0.1088   0.119400   0.0000   1.6898   0.000000000   0.000000000
     5   3.0251   0.1685  -0.430900   0.0000   1.5126   0.000000000   0.000000000
     6   3.0251   0.1685  -0.436400   0.0000   1.5126   0.000000000   0.000000000
     7   2.5832   0.0164   0.078700   0.0000   1.2916   0.000000000   0.000000000
     8   2.5832   0.0164   0.078700   0.0000   1.2916   0.000000000   0.000000000
     9   3.0251   0.1685  -0.436400   0.0000   1.5126   0.000000000   0.000000000
    10   2.5832   0.0164   0.078700   0.0000   1.2916   0.000000000   0.000000000
    11   2.5832   0.0164   0.078700   0.0000   1.2916   0.000000000   0.000000000
    12   3.4806   0.0869   0.631100   0.0000   1.7403   0.000000000   0.000000000
    13   3.4806   0.0869   0.640600   0.0000   1.7403   0.000000000   0.000000000
    14   3.4806   0.0869   0.640600   0.0000   1.7403   0.000000000   0.000000000
    15   3.0398   0.2102  -0.540000   0.0000   1.5199   0.000000000   0.000000000
    16   3.3795   0.1088  -0.126400   0.0000   1.6898   0.000000000   0.000000000
    17   3.3795   0.1088  -0.123900   0.0000   1.6898   0.000000000   0.000000000
    18   3.0398   0.2102  -0.551500   0.0000   1.5199   0.000000000   0.000000000
    19   3.0398   0.2102  -0.551500   0.0000   1.5199   0.000000000   0.000000000
    20   3.3795   0.1088  -0.123900   0.0000   1.6898   0.000000000   0.000000000
    21   3.3795   0.1088  -0.095100   0.0000   1.6898   0.000000000   0.000000000
    22   2.6445   0.0158   0.079200   0.0000   1.3223   0.000000000   0.000000000
    23   2.6445   0.0158   0.079200   0.0000   1.3223   0.000000000   0.000000000
    24   3.3795   0.1088  -0.100600   0.0000   1.6898   0.000000000   0.000000000
    25   2.6445   0.0158   0.076200   0.0000   1.3223   0.000000000   0.000000000
    26   2.6445   0.0158   0.076200   0.0000   1.3223   0.000000000   0.000000000
    27   3.3795   0.1088  -0.100600   0.0000   1.6898   0.000000000   0.000000000
    28   2.6445   0.0158   0.076200   0.0000   1.3223   0.000000000   0.000000000
    29   2.6445   0.0158   0.076200   0.0000   1.3223   0.000000000   0.000000000
    30   2.6445   0.0158   0.049700   0.0000   1.3223   0.000000000   0.000000000
    31   2.6445   0.0158   0.049700   0.0000   1.3223   0.000000000   0.000000000
    32   2.6445   0.0158   0.049700   0.0000   1.3223   0.000000000   0.000000000
    33   2.6445   0.0158   0.053867   0.0000   1.3223   0.000000000   0.000000000
    34   2.6445   0.0158   0.053867   0.0000   1.3223   0.000000000   0.000000000
    35   2.6445   0.0158   0.053867   0.0000   1.3223   0.000000000   0.000000000
    36   2.6445   0.0158   0.053867   0.0000   1.3223   0.000000000   0.000000000
    37   2.6445   0.0158   0.053867   0.0000   1.3223   0.000000000   0.000000000
    38   2.6445   0.0158   0.053867   0.0000   1.3223   0.000000000   0.000000000
BOND
    24    17   264.621  1.522
    24    33   370.047  1.094
    24    34   370.047  1.094
    24    35   370.047  1.094
    17    13   329.441  1.523
    17    25   370.047  1.094
    17    26   370.047  1.094
    13    18   582.699  1.225
    13     6   301.154  1.346
     6     3   366.741  1.426
     3     1   264.621  1.522
     3     7   370.047  1.094
     3     8   370.047  1.094
     1     4   264.621  1.522
     1     5   366.741  1.426
     1     2   370.047  1.094
     4     9   366.741  1.426
     4    10   370.047  1.094
     4    11   370.047  1.094
     9    14   301.154  1.346
    14    19   582.699  1.225
    14    20   329.441  1.523
    20    27   264.621  1.522
    20    28   370.047  1.094
    20    29   370.047  1.094
    27    36   370.047  1.094
    27    37   370.047  1.094
    27    38   370.047  1.094
     5    12   301.154  1.346
    12    15   582.699  1.225
    12    16   329.441  1.523
    16    21   264.621  1.522
    16    22   370.047  1.094
    16    23   370.047  1.094
    21    30   370.047  1.094
    21    31   370.047  1.094
    21    32   370.047  1.094
THET
    24    17    13    53.20532  116.54759
    24    17    25    53.20532  116.54759
    24    17    26    53.20532  116.54759
    17    24    33    53.20532  116.54759
    17    24    34    53.20532  116.54759
    17    24    35    53.20532  116.54759
    17    13    18    57.89829  126.80624
    17    13     6    57.89829  126.80624
    13    17    25    53.20532  116.54759
    13    17    26    53.20532  116.54759
    13     6     3    65.09062  110.35388
    18    13     6   201.41175  127.46914
     6     3     1    53.20532  116.54759
     6     3     7    53.20532  116.54759
     6     3     8    53.20532  116.54759
     3     1     4    53.20532  116.54759
     3     1     5    53.20532  116.54759
     3     1     2    53.20532  116.54759
     1     3     7    53.20532  116.54759
     1     3     8    53.20532  116.54759
     1     4     9    53.20532  116.54759
     1     4    10    53.20532  116.54759
     1     4    11    53.20532  116.54759
     1     5    12    65.09062  110.35388
     4     1     5    53.20532  116.54759
     4     1     2    53.20532  116.54759
     4     9    14    65.09062  110.35388
     9     4    10    53.20532  116.54759
     9     4    11    53.20532  116.54759
     9    14    19   201.41175  127.46914
     9    14    20    57.89829  126.80624
    14    20    27    53.20532  116.54759
    14    20    28    53.20532  116.54759
    14    20    29    53.20532  116.54759
    19    14    20    57.89829  126.80624
    20    27    36    53.20532  116.54759
    20    27    37    53.20532  116.54759
    20    27    38    53.20532  116.54759
    27    20    28    53.20532  116.54759
    27    20    29    53.20532  116.54759
     5     1     2    53.20532  116.54759
     5    12    15   201.41175  127.46914
     5    12    16    57.89829  126.80624
    12    16    21    53.20532  116.54759
    12    16    22    53.20532  116.54759
    12    16    23    53.20532  116.54759
    15    12    16    57.89829  126.80624
    16    21    30    53.20532  116.54759
    16    21    31    53.20532  116.54759
    16    21    32    53.20532  116.54759
    21    16    22    53.20532  116.54759
    21    16    23    53.20532  116.54759
    33    24    34    48.77649  115.60310
    33    24    35    48.77649  115.60310
    34    24    35    48.77649  115.60310
    25    17    26    48.77649  115.60310
     7     3     8    48.77649  115.60310
    10     4    11    48.77649  115.60310
    28    20    29    48.77649  115.60310
    36    27    37    48.77649  115.60310
    36    27    38    48.77649  115.60310
    37    27    38    48.77649  115.60310
    22    16    23    48.77649  115.60310
    30    21    31    48.77649  115.60310
    30    21    32    48.77649  115.60310
    31    21    32    48.77649  115.60310
PHI
   24    17    13    18  -0.37034  1.0 2.0
   24    17    13     6   0.02665  1.0 3.0
   17    13     6     3   2.77985 -1.0 2.0
   13    17    24    33   0.11554  1.0 3.0
   13    17    24    34   0.11554  1.0 3.0
   13    17    24    35   0.11554  1.0 3.0
   13     6     3     1   0.19183  1.0 3.0
   13     6     3     7   0.04738  1.0 3.0
   13     6     3     8   0.04738  1.0 3.0
   18    13    17    25   0.45417  1.0 1.0
   18    13    17    26   0.45417  1.0 1.0
   18    13     6     3   1.16381 -1.0 2.0
    6    13    17    25   0.02665  1.0 3.0
    6    13    17    26   0.02665  1.0 3.0
    6     3     1     4   0.11554  1.0 3.0
    6     3     1     5  -0.03097  1.0 3.0
    6     3     1     2   0.11155  1.0 3.0
    3     1     4     9   0.11554  1.0 3.0
    3     1     4    10   0.10407  1.0 3.0
    3     1     4    11   0.10407  1.0 3.0
    3     1     5    12   0.19183  1.0 3.0
    1     4     9    14   0.19183  1.0 3.0
    1     5    12    15   1.16381 -1.0 2.0
    1     5    12    16   2.77985 -1.0 2.0
    4     1     3     7   0.10407  1.0 3.0
    4     1     3     8   0.10407  1.0 3.0
    4     1     5    12   0.19183  1.0 3.0
    4     9    14    19   1.16381 -1.0 2.0
    4     9    14    20   2.77985 -1.0 2.0
    9     4     1     5  -0.03097  1.0 3.0
    9     4     1     2   0.11155  1.0 3.0
    9    14    20    27   0.02665  1.0 3.0
    9    14    20    28   0.02665  1.0 3.0
    9    14    20    29   0.02665  1.0 3.0
   14     9     4    10   0.04738  1.0 3.0
   14     9     4    11   0.04738  1.0 3.0
   14    20    27    36   0.11554  1.0 3.0
   14    20    27    37   0.11554  1.0 3.0
   14    20    27    38   0.11554  1.0 3.0
   19    14    20    27  -0.37034  1.0 2.0
   19    14    20    28   0.45417  1.0 1.0
   19    14    20    29   0.45417  1.0 1.0
    5     1     3     7   0.11155  1.0 3.0
    5     1     3     8   0.11155  1.0 3.0
    5     1     4    10   0.11155  1.0 3.0
    5     1     4    11   0.11155  1.0 3.0
    5    12    16    21   0.02665  1.0 3.0
    5    12    16    22   0.02665  1.0 3.0
    5    12    16    23   0.02665  1.0 3.0
   12     5     1     2   0.04738  1.0 3.0
   12    16    21    30   0.11554  1.0 3.0
   12    16    21    31   0.11554  1.0 3.0
   12    16    21    32   0.11554  1.0 3.0
   15    12    16    21  -0.37034  1.0 2.0
   15    12    16    22   0.45417  1.0 1.0
   15    12    16    23   0.45417  1.0 1.0
   33    24    17    25   0.19119  1.0 3.0
   33    24    17    26   0.19119  1.0 3.0
   34    24    17    25   0.19119  1.0 3.0
   34    24    17    26   0.19119  1.0 3.0
   35    24    17    25   0.19119  1.0 3.0
   35    24    17    26   0.19119  1.0 3.0
    7     3     1     2   0.19119  1.0 3.0
    8     3     1     2   0.19119  1.0 3.0
    2     1     4    10   0.19119  1.0 3.0
    2     1     4    11   0.19119  1.0 3.0
   28    20    27    36   0.19119  1.0 3.0
   28    20    27    37   0.19119  1.0 3.0
   28    20    27    38   0.19119  1.0 3.0
   29    20    27    36   0.19119  1.0 3.0
   29    20    27    37   0.19119  1.0 3.0
   29    20    27    38   0.19119  1.0 3.0
   22    16    21    30   0.19119  1.0 3.0
   22    16    21    31   0.19119  1.0 3.0
   22    16    21    32   0.19119  1.0 3.0
   23    16    21    30   0.19119  1.0 3.0
   23    16    21    31   0.19119  1.0 3.0
   23    16    21    32   0.19119  1.0 3.0
   13     6     3     1   0.92022 -1.0 1.0
   18    13    17    25   0.14897  1.0 2.0
   18    13    17    26   0.14897  1.0 2.0
   18    13     6     3   0.16792 -1.0 1.0
    6     3     1     5   0.45982  1.0 2.0
    6     3     1     2   0.34325  1.0 1.0
    3     1     5    12   0.92022 -1.0 1.0
    1     4     9    14   0.92022 -1.0 1.0
    1     5    12    15   0.16792 -1.0 1.0
    4     1     5    12   0.92022 -1.0 1.0
    4     9    14    19   0.16792 -1.0 1.0
    9     4     1     5   0.45982  1.0 2.0
    9     4     1     2   0.34325  1.0 1.0
   19    14    20    28   0.14897  1.0 2.0
   19    14    20    29   0.14897  1.0 2.0
    5     1     3     7   0.34325  1.0 1.0
    5     1     3     8   0.34325  1.0 1.0
    5     1     4    10   0.34325  1.0 1.0
    5     1     4    11   0.34325  1.0 1.0
   15    12    16    22   0.14897  1.0 2.0
   15    12    16    23   0.14897  1.0 2.0
   18    13    17    25   0.02960 -1.0 3.0
   18    13    17    26   0.02960 -1.0 3.0
   19    14    20    28   0.02960 -1.0 3.0
   19    14    20    29   0.02960 -1.0 3.0
   15    12    16    22   0.02960 -1.0 3.0
   15    12    16    23   0.02960 -1.0 3.0
IPHI
    17    13    18     6  10.50000 -1.0 2.0
     9    14    19    20  10.50000 -1.0 2.0
     5    12    15    16  10.50000 -1.0 2.0
END
