#Task    Step    numberOfAcceptedPeleSteps    currentEnergy    bindingEnergy    ligandSASA    ligandRMSD    L1_C2-H38_OG    H38_HG-H175_ND1    H175_HE2-H40_OE2    H175_HE2-H40_OE1    
1    0    0    -3861.15    -10.6644    0.497811    4.8357    3.72657    4.82231    3.35875    1.58025    
1    1    1    -3865.49    -8.72808    0.566981    5.00647    3.80275    4.53712    3.30714    1.59115    
1    2    2    -3864.56    -6.18657    0.627105    4.99391    3.70271    4.66485    3.31758    1.58002    
1    4    3    -3867.46    -7.86621    0.539631    5.49188    3.39058    4.79013    3.34661    1.58557    
1    8    4    -3870.47    -8.30986    0.601882    4.83793    3.80383    4.81607    3.43958    1.56476    
1    9    5    -3867.52    -6.41718    0.652153    5.59372    4.779    4.86478    3.3567    1.55683    
1    10    6    -3868.76    -6.83491    0.656888    5.20603    4.16009    4.88811    3.38093    1.54949    
1    12    7    -3868.99    -5.49293    0.69336    5.00868    3.56186    5.04894    3.44511    1.55825    
1    14    8    -3869.85    -4.92835    0.569549    4.70037    5.31662    5.04788    3.4515    1.54947    
1    16    9    -3871.38    -5.77977    0.56509    4.85529    4.42126    4.97952    3.55874    1.5405    
