#Task    Step    numberOfAcceptedPeleSteps    currentEnergy    bindingEnergy    ligandSASA    ligandRMSD    L1_C2-H38_OG    H38_HG-H175_ND1    H175_HE2-H40_OE2    H175_HE2-H40_OE1    
1    0    0    -3857.26    -6.95857    0.407932    3.44136    6.87971    5.72238    5.76984    5.70044    
1    1    1    -3870.35    -4.23937    0.388933    5.06203    5.94476    5.8393    5.4529    6.05834    
1    2    2    -3869.63    -2.72788    0.444577    5.16882    8.39269    5.80398    5.46354    5.94797    
1    3    3    -3867.36    -4.65057    0.578367    4.93386    8.29071    4.77472    8.44234    8.12205    
1    4    4    -3879.3    -4.03252    0.646524    5.18054    5.85172    4.68725    8.37974    7.95662    
1    6    5    -3882.27    -4.88077    0.560397    5.43111    7.36672    4.62141    8.18701    7.86924    
1    8    6    -3883.71    -4.72646    0.541165    4.89538    7.7115    4.61857    8.2084    7.85933    
1    10    7    -3883.54    -3.43496    0.497793    4.93433    8.25543    4.60452    8.16282    7.88096    
1    12    8    -3884.88    -3.55447    0.512989    5.29962    7.42379    4.61118    8.09704    7.91159    
1    14    9    -3886.55    -4.5557    0.560189    5.07565    6.8281    4.56891    8.00766    7.92384    
