#Task    Step    numberOfAcceptedPeleSteps    currentEnergy    bindingEnergy    ligandSASA    ligandRMSD    L1_C2-H38_OG    H38_HG-H175_ND1    H175_HE2-H40_OE2    H175_HE2-H40_OE1    
1    0    0    -3863.55    -8.52607    0.504635    5.46647    4.71467    5.39134    3.64837    1.54806    
1    1    1    -3864.35    -8.62803    0.477194    4.99735    5.13378    6.55824    3.60262    1.54577    
1    2    2    -3862.36    -5.82416    0.41043    5.6327    4.18027    6.57943    3.66776    1.58828    
1    3    3    -3862.53    -8.41889    0.474989    5.8534    5.17141    6.39075    3.66639    1.56306    
1    4    4    -3868.1    -8.09268    0.515609    5.7972    4.89547    6.40105    3.69051    1.55918    
1    6    5    -3870.57    -8.38838    0.501689    5.49241    4.313    6.41522    3.66434    1.55191    
1    8    6    -3873.06    -8.91651    0.505104    5.90431    4.07914    6.50478    3.68764    1.55203    
1    10    7    -3875.01    -9.16472    0.452222    5.67591    4.94902    6.49726    3.69638    1.53673    
1    12    8    -3875.34    -8.8771    0.481002    5.23909    3.70508    6.63223    3.70128    1.54185    
