#Task    Step    numberOfAcceptedPeleSteps    currentEnergy    bindingEnergy    ligandSASA    ligandRMSD    L1_C2-H38_OG    H38_HG-H175_ND1    H175_HE2-H40_OE2    H175_HE2-H40_OE1    
1    0    0    -3862.9    -4.3191    0.400864    4.32321    4.06754    4.8484    3.33949    1.55554    
1    1    1    -3862.37    -12.4888    0.347998    4.39472    4.96841    4.88164    3.22811    1.48901    
1    4    2    -3866.99    -8.04546    0.444706    5.22886    6.67128    4.84057    3.33464    1.53597    
1    6    3    -3859.51    0.350787    0.348093    4.87009    6.81839    4.84148    3.44871    1.55176    
1    7    4    -3844.77    -12.0145    0.335796    4.55041    6.36941    4.33849    3.54145    1.72801    
1    8    5    -3851.43    -0.00188125    0.387052    4.45989    5.58096    4.38639    3.50546    1.39778    
1    10    6    -3866.17    -9.29219    0.457956    5.35198    3.02034    4.28077    3.51044    1.46569    
1    12    7    -3866.88    -8.06169    0.514214    5.30178    4.94636    4.71422    3.5587    1.47365    
1    13    8    -3866.79    -8.39548    0.477526    5.61666    4.1604    5.89975    3.34754    1.51449    
1    14    9    -3868.59    -6.96249    0.508442    4.85234    4.55716    5.98297    3.34185    1.56135    
