#Task    Step    numberOfAcceptedPeleSteps    currentEnergy    bindingEnergy    ligandSASA    ligandRMSD    L1_C2-H38_OG    H38_HG-H175_ND1    H175_HE2-H40_OE2    H175_HE2-H40_OE1    
1    0    0    -3866.72    -4.70561    0.410694    4.92285    6.67964    5.92221    5.74412    5.85742    
1    1    1    -3871.52    -7.01206    0.516744    5.71485    8.00518    4.88631    8.66372    7.77922    
1    2    2    -3877.61    -4.38958    0.53644    4.9482    7.96347    4.8786    8.7143    7.85843    
1    3    3    -3872.75    -3.89225    0.49372    5.63449    5.66269    4.81968    8.61287    7.81425    
1    4    4    -3877.07    -5.33303    0.508417    5.36847    6.27305    4.82983    8.53455    7.84354    
1    6    5    -3878.21    -3.30888    0.505861    5.72118    5.30926    4.75394    8.48319    7.86952    
1    8    6    -3879.34    -3.4541    0.529434    5.49983    7.15509    4.73724    8.43092    7.8857    
1    10    7    -3881.4    -4.38435    0.597752    4.96922    6.29504    4.65844    8.23286    7.86358    
1    11    8    -3872.31    -5.39602    0.521247    5.23182    6.29832    4.82604    8.29854    7.96085    
1    12    9    -3871.17    -4.25382    0.613259    5.23604    7.15347    4.82604    8.29854    7.96085    
1    13    10    -3874.05    -2.87087    0.579583    5.76503    8.9455    4.78994    8.27061    7.99045    
