#Task    Step    numberOfAcceptedPeleSteps    currentEnergy    bindingEnergy    ligandSASA    ligandRMSD    L1_C2-H38_OG    H38_HG-H175_ND1    H175_HE2-H40_OE2    H175_HE2-H40_OE1    
1    0    0    -3856.6    -3.59912    0.665698    4.52556    7.85206    2.49289    3.18555    1.49255    
1    1    1    -3860.77    -3.18288    0.715647    5.07177    6.9851    2.56198    3.17416    1.51299    
1    2    2    -3863.82    -3.65564    0.692374    4.51988    4.91365    2.42426    3.16308    1.51739    
1    4    3    -3866.65    -3.73907    0.707798    4.45517    6.60071    2.16418    3.15264    1.5218    
1    6    4    -3869.56    -6.0534    0.620243    4.09445    5.7406    2.17835    3.18111    1.51712    
1    8    5    -3870.18    -5.19004    0.650921    4.12757    5.99617    2.15636    3.18174    1.51825    
1    10    6    -3870.55    -4.37936    0.630274    3.82118    4.76729    2.12035    3.18122    1.52845    
1    12    7    -3869.15    -2.97685    0.803302    5.58051    7.21133    2.12035    3.18122    1.52845    
1    14    8    -3869.1    -2.92803    0.712448    5.88559    8.31622    2.12035    3.18122    1.52845    
1    15    9    -3865.68    -0.342744    0.794258    5.78866    8.54514    2.43995    3.20378    1.50817    
