#Task    Step    numberOfAcceptedPeleSteps    currentEnergy    bindingEnergy    ligandSASA    ligandRMSD    L1_C2-H38_OG    H38_HG-H175_ND1    H175_HE2-H40_OE2    H175_HE2-H40_OE1    
1    0    0    -3868.45    -1.87142    0.598321    5.79921    3.52831    5.85113    6.69421    7.48111    
1    1    1    -3875.56    -5.83305    0.54052    5.49171    3.6542    5.81926    6.63979    7.33224    
1    2    2    -3878.07    -3.77154    0.632046    5.52565    5.08143    5.80663    6.64506    7.24262    
1    3    3    -3872.12    -4.92213    0.567575    5.65365    5.34702    5.88575    6.63781    7.40413    
1    4    4    -3873.13    1.35696    0.558798    6.02949    6.32736    5.76904    6.60277    7.36489    
1    6    5    -3888.54    -8.44547    0.562341    5.86294    5.42195    5.77003    6.66672    7.32808    
1    7    6    -3881.66    -5.83509    0.546767    5.58337    5.44183    5.89206    6.7908    7.48269    
1    8    7    -3885.64    -6.63891    0.575672    5.48285    4.8982    5.83425    6.79701    7.43367    
1    12    8    -3886.45    -5.86016    0.513001    5.83031    5.07915    5.823    6.84454    7.42334    
