#Task    Step    numberOfAcceptedPeleSteps    currentEnergy    bindingEnergy    ligandSASA    ligandRMSD    L1_C2-H38_OG    H38_HG-H175_ND1    H175_HE2-H40_OE2    H175_HE2-H40_OE1    
1    0    0    -3869.53    -9.22764    0.376108    4.70159    6.48964    6.78912    3.48468    1.54861    
1    1    1    -3871.12    -9.90846    0.398672    4.86301    5.47273    6.54727    3.52422    1.62042    
1    2    2    -3872.78    -6.90825    0.473278    5.10166    4.93842    6.56342    3.47565    1.59311    
1    4    3    -3872.47    -5.08775    0.638626    6.06131    5.77041    6.55058    3.44125    1.60718    
1    6    4    -3874.7    -6.44495    0.654114    5.89585    6.625    6.55643    3.36681    1.61609    
1    10    5    -3874.38    -4.58138    0.57212    4.95748    5.91206    6.58475    3.35251    1.59774    
1    12    6    -3876.51    -6.37741    0.606616    4.15874    4.97237    6.63807    3.33356    1.58454    
1    14    7    -3875.66    -5.52225    0.61544    5.35853    6.58393    6.64654    3.30418    1.57521    
1    16    8    -3878.56    -9.7186    0.464796    5.02778    4.58525    6.64838    3.29655    1.56783    
