#Task    Step    numberOfAcceptedPeleSteps    currentEnergy    bindingEnergy    ligandSASA    ligandRMSD    H38_OG-L1_C3    H38_OG-L1_C7    H38_OG-L1_C10    H38_HG-H175_ND1    H175_HE2-H40_OE2    H175_HE2-H40_OE1    
1    0    0    -3443.3    -7.59437    0.556414    6.30162    7.39747    4.47013    4.06182    4.14354    3.41045    1.50469    
1    1    1    -3447.61    -10.1858    0.589118    6.14137    5.08054    5.7116    4.81828    4.45379    3.2896    1.46973    
1    2    2    -3454.79    -6.14248    0.694743    7.80368    5.43621    6.6152    5.77499    4.50307    3.28853    1.50233    
1    3    3    -3452.07    -8.63122    0.669182    7.39393    7.09487    7.65173    4.43111    3.88385    3.22013    1.64884    
1    4    4    -3456.94    -5.43486    0.70906    5.73777    8.04301    7.62344    4.87109    3.91767    3.22684    1.62332    
1    5    5    -3500    -9.74708    0.610122    6.12134    8.92798    4.67742    5.90236    5.44035    3.30431    1.41107    
1    6    6    -3526.17    -4.27302    0.710285    6.25019    9.22572    4.75586    6.33654    5.47613    3.25468    1.4848    
1    7    7    -3525.87    -5.07414    0.663989    5.8059    10.1183    5.79839    6.22813    5.44577    3.05211    1.65818    
1    8    8    -3539.59    -10.6833    0.626402    5.91385    6.04581    7.62858    6.65929    5.56568    3.17378    1.48051    
1    10    9    -3538.6    -8.05959    0.662238    4.45065    4.78753    9.5203    7.11229    5.56886    3.17216    1.52043    
