#Task    Step    numberOfAcceptedPeleSteps    currentEnergy    bindingEnergy    ligandSASA    ligandRMSD    L1_C3-H38_OG    H38_HG-H175_ND1    H175_HE2-H40_OE2    H175_HE2-H40_OE1    
1    0    0    -3567.99    -5.56633    0.306808    4.82172    5.39768    1.76845    1.56681    3.75181    
1    2    1    -3572.1    -3.77378    0.441407    5.30482    4.76488    1.81008    1.54764    3.73677    
1    4    2    -3572.71    -4.16183    0.448506    5.70427    6.24345    1.81193    1.54686    3.73568    
1    6    3    -3572.94    -3.95054    0.365913    5.35487    6.63613    1.77759    1.56194    3.75132    
1    8    4    -3572.53    -3.51508    0.329176    4.96124    7.25914    1.78062    1.55945    3.74885    
1    10    5    -3571.55    -2.87691    0.309571    4.81602    6.39413    1.78271    1.55833    3.74772    
1    12    6    -3572.71    -3.89376    0.441871    5.21069    6.15688    1.7913    1.54932    3.7378    
1    14    7    -3573.33    -4.35572    0.436831    4.93832    5.41207    1.78971    1.54872    3.737    
1    16    8    -3572.97    -3.53955    0.335083    4.01098    3.8257    1.79862    1.54758    3.7356    
