#Task    Step    numberOfAcceptedPeleSteps    currentEnergy    bindingEnergy    ligandSASA    ligandRMSD    L1_C2-H38_OG    H38_HG-H175_ND1    H175_HE2-H40_OE2    H175_HE2-H40_OE1    
1    0    0    -3721.15    -8.27051    0.358351    3.5519    5.02477    5.33334    1.5511    3.5736    
1    1    1    -3834.86    -9.2881    0.313335    2.92238    4.50322    5.16309    3.63863    1.50031    
1    2    2    -3845.08    -7.19262    0.368831    2.74843    4.35961    5.62021    3.66176    1.5273    
1    4    3    -3855.31    -5.99082    0.480731    2.38207    4.23467    5.49987    3.68492    1.54492    
1    5    4    -3850.98    -4.79581    0.629825    2.6808    4.36614    5.11282    3.62756    1.50433    
1    6    5    -3857.58    -6.50787    0.516208    4.3773    6.28418    5.25066    3.63679    1.50137    
1    7    6    -3860.83    -7.04659    0.543975    5.30367    6.85272    5.22055    3.59823    1.52322    
1    8    7    -3863.65    -5.11553    0.602441    5.04589    6.68096    5.22791    3.63086    1.52711    
1    9    8    -3862.93    -5.74807    0.53621    3.64838    4.86319    5.15724    3.51382    1.50587    
1    10    9    -3867.04    -6.962    0.488589    3.35864    4.64655    5.22617    3.58143    1.55376    
1    12    10    -3869.01    -5.7465    0.553759    4.20158    5.16637    5.24391    3.64575    1.54472    
1    14    11    -3868.9    -4.0464    0.646473    3.78507    4.60517    5.34823    3.65594    1.53038    
1    16    12    -3869.18    -5.19004    0.684553    4.0929    4.61966    5.40725    3.72712    1.53968    
