#Task    Step    numberOfAcceptedPeleSteps    currentEnergy    bindingEnergy    ligandSASA    ligandRMSD    L1_C2-H38_OG    H38_HG-H175_ND1    H175_HE2-H40_OE2    H175_HE2-H40_OE1    
1    0    0    -3849.53    -5.45836    0.61255    3.51718    4.11491    4.38874    1.54376    3.399    
1    1    1    -3857.89    -6.31265    0.644217    4.69021    4.17255    4.32181    1.59623    3.31399    
1    2    2    -3859.18    -5.21632    0.612107    5.8637    3.94295    4.3452    1.58667    3.321    
1    3    3    -3862.34    -7.26494    0.635392    5.52222    4.45841    4.27649    3.34236    1.5854    
1    4    4    -3861.82    -6.74324    0.561731    4.94833    3.91858    4.27649    3.34236    1.5854    
1    5    5    -3860.14    -4.10381    0.690722    5.84972    5.34248    5.29696    3.2947    1.60303    
1    6    6    -3863.04    -5.725    0.637746    5.92848    5.70105    5.38129    3.35336    1.5749    
1    7    7    -3862.86    -9.55716    0.526987    6.33988    3.87195    6.30366    3.18034    1.3091    
1    8    8    -3870.44    -9.43272    0.522614    6.82372    4.56804    6.31    3.29021    1.43087    
1    12    9    -3868.54    -5.60037    0.517039    5.39361    3.84499    6.32808    3.45535    1.47456    
1    15    10    -3865.94    -6.29558    0.550307    4.56753    5.83298    4.12617    3.442    1.42609    
1    16    11    -3867.93    -4.73926    0.614534    5.47438    6.32366    4.16253    3.54419    1.50791    
1    17    12    -3864.64    -7.67963    0.523883    5.9269    5.65123    3.9216    3.67437    1.47362    
1    18    13    -3869.91    -9.31441    0.570727    6.20221    6.25805    4.46686    3.73205    1.52764    
