#Task    Step    numberOfAcceptedPeleSteps    currentEnergy    bindingEnergy    ligandSASA    ligandRMSD    L1_C2-H38_OG    H38_HG-H175_ND1    H175_HE2-H40_OE2    H175_HE2-H40_OE1    
1    0    0    -3849.51    -4.86816    0.590377    3.60504    4.2531    4.39749    1.5301    3.47323    
1    2    1    -3858.28    -5.41118    0.602929    4.20481    5.66955    4.43458    1.54493    3.49307    
1    4    2    -3859.7    -5.01028    0.641365    4.7578    4.97853    4.45853    1.53497    3.55618    
1    5    3    -3863.8    -5.6837    0.548055    3.56761    3.84969    5.22429    3.73154    1.53566    
1    6    4    -3863.79    -4.66092    0.455064    3.75123    4.01809    5.20988    3.73755    1.53444    
1    10    5    -3864.15    -5.01674    0.53745    3.69872    4.80543    5.20988    3.73755    1.53444    
1    12    6    -3864.77    -5.63922    0.530079    2.57612    4.03257    5.20988    3.73755    1.53444    
1    14    7    -3867.02    -7.88657    0.494187    4.40318    5.22404    5.20988    3.73755    1.53444    
1    15    8    -3867.35    -10.1003    0.512963    4.83345    5.90546    5.24526    3.64721    1.55663    
