#Task    Step    numberOfAcceptedPeleSteps    currentEnergy    bindingEnergy    ligandSASA    ligandRMSD    L1_C3-H38_OG    H38_HG-H175_ND1    H175_HE2-H40_OE2    H175_HE2-H40_OE1    
1    0    0    -3642.3    -3.55793    0.507701    3.33448    5.54143    6.48803    1.549    3.64586    
1    1    1    -3644.78    -5.70256    0.419241    3.50868    5.35368    6.4226    1.54878    3.60016    
1    2    2    -3649.27    -6.5855    0.487193    4.45066    6.66797    6.50884    1.54193    3.61581    
1    4    3    -3649.8    -5.79928    0.309756    4.76676    6.60209    6.50888    1.54188    3.61931    
1    8    4    -3651.28    -7.19128    0.378936    4.77396    7.22548    6.50896    1.54203    3.63639    
1    10    5    -3651.29    -7.03684    0.342639    4.09144    6.69224    6.51213    1.5436    3.6411    
1    12    6    -3653.92    -9.89366    0.235038    3.68704    7.0055    6.51347    1.53003    3.64573    
1    14    7    -3652.9    -8.49947    0.320687    3.14696    6.36025    6.50185    1.53428    3.64901    
1    16    8    -3653.27    -9.06966    0.292713    3.47375    6.66869    6.51114    1.53318    3.66005    
