#Task    Step    numberOfAcceptedPeleSteps    currentEnergy    bindingEnergy    ligandSASA    ligandRMSD    L1_C3-H38_OG    H38_HG-H175_ND1    H175_HE2-H40_OE2    H175_HE2-H40_OE1    
1    0    0    -3638.71    -3.52754    0.605815    5.15032    4.14297    5.93233    3.71886    1.57032    
1    2    1    -3645.51    -4.86021    0.518501    4.57651    4.14221    5.91    3.71376    1.55195    
1    4    2    -3646.98    -4.29526    0.522868    5.02041    4.11367    5.83978    3.70951    1.55654    
1    6    3    -3646.75    -2.91556    0.64699    5.48842    5.61464    5.37694    3.69153    1.56681    
1    8    4    -3648.03    -2.66809    0.722908    5.70259    6.61473    5.35065    3.68861    1.57439    
1    10    5    -3649.36    -3.34778    0.548394    4.54167    4.72643    5.38938    3.66145    1.57229    
1    11    6    -3642.78    -2.17508    0.663769    4.47683    4.87205    5.80207    3.73527    1.64675    
1    12    7    -3646.47    -4.17617    0.59821    4.45346    5.77161    5.67829    3.55017    1.54654    
1    14    8    -3650.1    -4.40666    0.567892    4.27852    4.75383    5.61886    3.59628    1.56657    
