#Task    Step    numberOfAcceptedPeleSteps    currentEnergy    bindingEnergy    ligandSASA    ligandRMSD    L1_C3-H38_OG    H38_HG-H175_ND1    H175_HE2-H40_OE2    H175_HE2-H40_OE1    
1    0    0    -3670.63    -1.17978    0.454809    3.87137    4.7041    3.03732    4.25704    5.48389    
1    1    1    -3678.18    -5.75434    0.491122    4.27382    3.89205    3.59858    3.76429    5.07668    
1    2    2    -3681.4    -5.86859    0.365966    4.11188    4.95964    3.61128    3.79183    4.97453    
1    4    3    -3683.09    -5.80764    0.465268    4.16444    5.75673    3.48902    4.10152    5.01345    
1    6    4    -3684.18    -5.08769    0.427364    4.12534    4.50327    3.27386    4.30749    4.90895    
1    8    5    -3686.2    -3.95755    0.486927    3.2358    5.75982    3.16569    4.52095    4.85578    
1    9    6    -3683.54    -6.17024    0.517762    3.77248    5.02592    3.08983    2.99936    3.67384    
1    10    7    -3685.48    -5.43803    0.474804    4.95039    4.3875    2.99923    3.03995    3.67783    
1    12    8    -3687.95    -5.6431    0.370264    4.80914    4.55967    2.95049    3.07284    3.62851    
1    13    9    -3686.98    -8.14251    0.372208    5.59843    3.99297    2.80115    2.98823    3.27083    
1    14    10    -3691.43    -5.90612    0.454837    5.48035    5.38763    2.7892    2.84173    3.25522    
