#Task    Step    numberOfAcceptedPeleSteps    currentEnergy    bindingEnergy    ligandSASA    ligandRMSD    H38_OG-L1_C3    H38_OG-L1_C7    H38_OG-L1_C10    H38_HG-H175_ND1    H175_HE2-H40_OE2    H175_HE2-H40_OE1    
1    0    0    -3416.88    -4.61454    0.358216    4.65909    4.27009    6.50484    3.81258    3.58884    3.69722    1.89404    
1    1    1    -3430.79    -3.47704    0.483618    6.92705    5.6879    3.74825    5.35831    3.87099    3.70523    1.61702    
1    2    2    -3426.42    5.94236    0.459177    6.8153    6.44916    3.78284    5.09079    3.71744    3.66343    1.59242    
1    3    3    -3429.23    -11.0368    0.499789    6.48597    3.93247    3.81458    6.774    4.71123    3.59915    1.56151    
1    5    4    -3455.75    -12.2663    0.664763    5.01368    3.92833    5.16799    7.57374    4.76532    3.53544    1.62636    
1    7    5    -3450.06    -7.21963    0.650959    7.36239    5.54303    6.48825    5.11185    5.82336    3.49052    1.81896    
1    9    6    -3450.55    -7.67119    0.587815    6.70312    4.42561    6.97179    5.62897    5.78961    3.50706    1.82061    
1    10    7    -3453.76    -0.81055    0.606073    6.5815    4.69414    8.45279    4.68319    5.72166    3.64964    1.40283    
1    11    8    -3498.74    -0.568669    0.633992    6.4609    5.13014    8.16312    4.23367    2.40312    10.8629    12.3119    
