#Task    Step    numberOfAcceptedPeleSteps    currentEnergy    bindingEnergy    ligandSASA    ligandRMSD    L1_C3-H38_OG    H38_HG-H175_ND1    H175_HE2-H40_OE2    H175_HE2-H40_OE1    
1    0    0    -3548.01    -2.77723    0.277945    2.34232    5.34894    6.81966    3.93511    1.95987    
1    2    1    -3561.61    -4.64155    0.398787    2.7323    5.21396    6.79536    3.74851    1.80971    
1    4    2    -3561.15    -3.51952    0.440916    3.99147    5.25199    6.79461    3.72586    1.79005    
1    5    3    -3606.86    -2.90567    0.596671    3.93323    5.25008    6.53913    3.56832    1.53098    
1    6    4    -3627.63    -2.27342    0.69418    4.85603    5.4017    6.54833    3.54311    1.55409    
1    8    5    -3630.73    -3.46013    0.62855    4.70851    4.70291    6.51687    3.62675    1.55265    
1    9    6    -3626.41    -3.9274    0.631757    4.85574    4.57389    6.28802    3.6362    1.58069    
1    10    7    -3637.34    -4.70924    0.60947    5.16409    4.03118    6.29903    3.63372    1.4773    
1    12    8    -3639.66    -3.84389    0.628825    4.90977    4.47928    6.27527    3.66666    1.49046    
1    13    9    -3632.02    -3.33839    0.631605    5.10785    5.77837    6.05599    3.58076    1.48407    
