#Task    Step    numberOfAcceptedPeleSteps    currentEnergy    bindingEnergy    ligandSASA    ligandRMSD    L1_C2-H38_OG    H38_HG-H175_ND1    H175_HE2-H40_OE2    H175_HE2-H40_OE1    
1    0    0    -3849.65    -4.58082    0.415821    5.87165    3.47321    5.4461    11.0589    8.94821    
1    2    1    -3851.59    3.78573    0.489402    5.50938    4.92627    5.57808    11.1816    9.07192    
1    3    2    -3858.13    -0.196732    0.55122    5.69322    4.67526    6.12915    3.78006    1.64766    
1    4    3    -3869.2    -4.52683    0.615857    5.72599    4.09186    6.1301    3.72517    1.56457    
1    6    4    -3870.78    -4.60918    0.651098    5.51885    3.61141    6.08524    3.72978    1.53465    
1    8    5    -3867.14    -2.32934    0.669896    5.5203    4.5572    6.15161    3.71213    1.52047    
1    10    6    -3871.16    -6.76843    0.532308    4.84185    4.54659    6.11691    3.7241    1.51642    
1    12    7    -3871.3    -6.64685    0.538032    5.705    4.86426    6.09758    3.68327    1.51357    
1    14    8    -3870.44    -6.17243    0.516968    5.76432    5.64231    6.05401    3.66626    1.51533    
