#Task    Step    numberOfAcceptedPeleSteps    currentEnergy    bindingEnergy    ligandSASA    ligandRMSD    L1_C8-H38_OG    H38_HG-H175_ND1    H175_HE2-H40_OE2    H175_HE2-H40_OE1    
1    0    0    -3946.98    5.47829    0.508744    5.98627    7.15417    3.14411    7.37137    6.45102    
1    2    1    -3956.57    2.64299    0.622738    5.11242    6.67055    3.12852    7.41604    6.4798    
1    4    2    -3958.18    1.03748    0.54868    4.15943    7.75075    3.12852    7.41604    6.4798    
1    6    3    -3957.79    -0.0281331    0.561593    4.9487    7.63035    3.32668    7.59762    6.59296    
1    8    4    -3959.28    1.90514    0.551904    4.53365    5.9672    3.36235    7.68973    6.68069    
1    9    5    -3959.73    -5.22509    0.612446    4.9809    6.62498    3.06133    7.66255    6.72192    
1    10    6    -3963.4    -2.16211    0.562388    4.65324    7.54233    3.02375    7.6461    6.71518    
1    12    7    -3962.76    -1.72482    0.627617    5.99472    6.95682    3.0244    7.6567    6.75183    
1    14    8    -3963.98    -1.37787    0.651209    4.88439    6.59936    2.99403    7.65229    6.76112    
