#Task    Step    numberOfAcceptedPeleSteps    currentEnergy    bindingEnergy    ligandSASA    ligandRMSD    H38_OG-L1_C3    H38_OG-L1_C7    H38_OG-L1_C10    H38_HG-H175_ND1    H175_HE2-H40_OE2    H175_HE2-H40_OE1    
1    0    0    -3436.85    -7.14047    0.597041    6.40527    3.94058    7.94714    6.92962    6.4768    6.65981    7.04416    
1    1    1    -3446.38    -6.35292    0.543492    5.29202    8.12255    5.20621    5.13379    6.31705    6.7246    6.96814    
1    3    2    -3446.89    -3.8048    0.643652    5.85905    9.64864    4.4053    6.73234    6.35694    6.66349    6.98232    
1    4    3    -3448.28    -5.70525    0.622362    5.7498    9.00187    6.11378    8.46599    6.23243    6.50148    7.02178    
1    5    4    -3445.48    -4.00273    0.582108    6.12554    10.9327    5.54571    7.59419    6.22029    6.46834    6.99627    
1    8    5    -3444.09    -4.96793    0.634399    6.41197    9.74192    8.69699    4.90341    6.09043    6.25843    7.16091    
1    9    6    -3440.44    -4.23563    0.64306    7.17376    6.99236    10.2157    6.99254    6.12464    6.34666    6.89628    
1    10    7    -3443.96    -3.58421    0.57544    7.0598    9.23542    8.87468    5.54016    6.1885    6.31966    7.00706    
1    12    8    -3444.8    -5.48429    0.602973    6.86765    9.22783    7.91836    6.42982    6.10426    6.19257    7.11794    
1    13    9    -3441.61    -5.99167    0.44534    6.25418    9.4536    6.23514    6.39288    6.19005    6.34753    6.93442    
