#Task    Step    numberOfAcceptedPeleSteps    currentEnergy    bindingEnergy    ligandSASA    ligandRMSD    H38_OG-L1_C3    H38_OG-L1_C7    H38_OG-L1_C10    H38_HG-H175_ND1    H175_HE2-H40_OE2    H175_HE2-H40_OE1    
1    0    0    -3427.52    -6.34927    0.622145    6.57933    10.5011    8.92401    5.39045    1.91606    3.68671    1.70452    
1    1    1    -3430    -7.42451    0.611754    6.76125    10.7478    9.27405    7.51222    1.94687    3.60675    1.60377    
1    2    2    -3421.46    -3.44581    0.605755    6.42954    7.25645    12.3473    8.33159    1.92944    3.58725    1.59483    
1    3    3    -3424.79    -9.54019    0.647877    6.50487    6.77866    9.16854    10.6928    1.92419    3.63277    1.60716    
1    4    4    -3435.32    -4.87598    0.719187    6.36945    6.65646    8.40106    10.0478    1.9514    3.58328    1.64887    
1    6    5    -3441.12    -6.57874    0.71617    7.02841    6.71666    11.7818    8.79958    1.92543    3.56804    1.63157    
1    8    6    -3442.9    -5.19878    0.643664    5.89111    11.3968    9.23916    6.93515    1.90836    3.56639    1.64913    
1    10    7    -3439.08    -1.17469    0.691143    6.49643    11.685    10.3951    7.5809    1.90766    3.57575    1.65253    
1    12    8    -3439.33    -0.174338    0.670467    5.89579    10.9583    5.76456    10.6594    1.91518    3.5585    1.64084    
1    14    9    -3445.44    -5.4601    0.757407    6.67238    7.1819    8.1474    11.7696    1.89575    3.60071    1.65099    
