#Task    Step    numberOfAcceptedPeleSteps    currentEnergy    bindingEnergy    ligandSASA    ligandRMSD    H38_OG-L1_C3    H38_OG-L1_C7    H38_OG-L1_C10    H38_HG-H175_ND1    H175_HE2-H40_OE2    H175_HE2-H40_OE1    
1    0    0    -3443.78    -7.72211    0.561008    7.73587    6.52417    5.54066    3.53528    6.28097    3.5837    1.514    
1    1    1    -3449.02    -13.495    0.592896    6.62076    4.08681    7.10165    4.07222    5.04301    3.49424    1.54309    
1    3    2    -3448.27    -10.9043    0.492044    5.99527    3.31789    5.77498    6.93047    5.17463    3.41614    1.59002    
1    4    3    -3446.84    -9.1193    0.589169    6.44624    3.33154    7.49213    5.59177    5.20643    3.48487    1.57118    
1    8    4    -3452.31    -8.32403    0.540964    6.43249    4.79514    5.61762    5.57527    5.17977    3.51167    1.54521    
1    10    5    -3442.96    1.2407    0.608113    7.13866    6.88946    4.64399    3.37788    5.21513    3.50226    1.49877    
1    11    6    -3443.07    -16.1384    0.445141    5.9973    4.04111    3.91432    6.58227    5.06244    3.1748    1.43867    
1    12    7    -3438.33    -9.13985    0.509525    5.6349    4.36624    4.56786    4.4239    5.42883    3.48496    1.47658    
1    13    8    -3435.52    -14.1797    0.469491    5.76315    2.97895    4.97526    6.6037    4.3396    3.27607    1.62328    
1    15    9    -3446.13    -9.90935    0.504058    5.02157    5.096    5.11814    5.59744    2.19171    4.09337    1.99301    
