#Task    Step    numberOfAcceptedPeleSteps    currentEnergy    bindingEnergy    ligandSASA    ligandRMSD    H38_OG-L1_C3    H38_OG-L1_C7    H38_OG-L1_C10    H38_HG-H175_ND1    H175_HE2-H40_OE2    H175_HE2-H40_OE1    
1    0    0    -3492.81    -5.16086    0.581298    7.50707    7.66048    4.3592    5.77804    5.74009    3.63303    1.43809    
1    1    1    -3519.86    -4.98282    0.630423    7.7335    6.75142    5.88568    5.57492    5.67475    3.50512    1.47986    
1    2    2    -3522.06    -4.96074    0.577123    7.15965    6.43785    5.81339    6.94157    5.65351    3.48098    1.46203    
1    3    3    -3525.73    -5.9969    0.659108    6.8879    6.7035    7.11517    4.09888    5.74802    3.37859    1.56852    
1    4    4    -3532.94    -8.63479    0.616539    6.74661    8.76933    6.16851    4.52167    5.66275    3.44249    1.53561    
1    6    5    -3529.52    -5.23742    0.679067    5.87639    7.91098    7.9761    6.5462    5.70194    3.42795    1.52186    
1    8    6    -3530.46    -4.34547    0.663164    4.78417    4.76477    9.08227    7.28089    5.68177    3.40979    1.51252    
1    10    7    -3533.27    -4.3771    0.74877    6.48396    7.18173    9.08979    7.39757    5.57116    3.35989    1.50897    
1    12    8    -3536.15    -7.34009    0.608149    5.76074    6.68222    9.00274    4.48353    5.33845    3.16694    1.56849    
1    13    9    -3537.41    -6.69649    0.682793    5.5247    4.99307    9.4736    8.80028    5.38642    3.0308    1.56948    
1    14    10    -3540.17    -7.9785    0.6573    5.90798    6.31728    10.0898    4.90077    5.23473    3.27829    1.56074    
1    15    11    -3539.11    -8.78016    0.674933    6.12918    7.32664    9.21332    8.68108    5.45519    3.58514    1.48328    
