#Task    Step    numberOfAcceptedPeleSteps    currentEnergy    bindingEnergy    ligandSASA    ligandRMSD    H38_OG-L1_C3    H38_OG-L1_C7    H38_OG-L1_C10    H38_HG-H175_ND1    H175_HE2-H40_OE2    H175_HE2-H40_OE1    
1    0    0    -3434.41    -8.36623    0.458815    6.47845    7.49633    4.58525    9.07287    6.24679    1.55708    3.61583    
1    2    1    -3448.83    -5.7518    0.473484    6.20694    7.55777    5.6218    9.63772    6.23313    1.55027    3.61579    
1    4    2    -3441.09    1.91928    0.428797    7.04271    10.0378    5.09971    8.06236    6.23591    1.55184    3.61438    
1    6    3    -3472.33    -8.95222    0.434594    6.20078    10.0234    5.60106    7.55331    6.23649    1.55377    3.61267    
1    7    4    -3484.1    -15.9427    0.444677    6.62871    10.0236    7.14468    6.08248    5.65531    1.6445    3.65594    
1    8    5    -3487.53    0.259591    0.410174    5.789    7.27051    10.7351    6.62698    5.69828    1.48608    3.61715    
1    9    6    -3499.17    -10.8969    0.443451    5.97837    7.63211    7.39407    7.17119    5.61571    1.41921    3.47295    
1    11    7    -3499.97    -13.1768    0.482403    6.06581    10.0999    6.37551    4.74748    5.60997    1.41153    3.46326    
1    12    8    -3506.2    -4.35248    0.583805    6.62338    7.11039    10.3896    5.85192    5.63868    1.50265    3.51854    
