#Task    Step    numberOfAcceptedPeleSteps    currentEnergy    bindingEnergy    ligandSASA    ligandRMSD    H38_OG-L1_C3    H38_OG-L1_C7    H38_OG-L1_C10    H38_HG-H175_ND1    H175_HE2-H40_OE2    H175_HE2-H40_OE1    
1    0    0    -3498.69    -11.6454    0.50317    6.63962    4.82441    10.0964    9.07148    6.13346    3.39146    1.44779    
1    1    1    -3503.62    -8.80656    0.419284    5.80995    6.29338    7.47158    4.65181    6.22773    3.32708    1.62693    
1    2    2    -3502.24    -4.28554    0.478777    6.3455    6.14864    6.47922    3.51552    6.2256    3.37879    1.63644    
1    3    3    -3505.85    -12.0638    0.489455    5.73122    3.9745    7.20354    5.61571    6.17686    3.3596    1.55458    
1    4    4    -3511.43    -8.77654    0.619854    6.5068    7.26123    6.90885    5.40484    6.35944    3.53373    1.56956    
1    5    5    -3510.03    -6.12465    0.604095    7.03199    6.90732    8.72755    4.30362    6.22524    3.67793    1.80989    
1    6    6    -3521.6    -6.79249    0.512553    6.5727    7.07183    9.6752    5.25832    6.30685    3.42219    1.47315    
1    8    7    -3530.46    -7.69408    0.552604    6.37228    5.08778    9.2598    6.23067    6.36735    3.54552    1.54369    
1    10    8    -3533.92    -8.92427    0.476507    5.38209    4.11635    8.40274    5.54707    6.3278    3.58202    1.55584    
