#Task    Step    numberOfAcceptedPeleSteps    currentEnergy    bindingEnergy    ligandSASA    ligandRMSD    L1_C2-H38_OG    H38_HG-H175_ND1    H175_HE2-H40_OE2    H175_HE2-H40_OE1    
1    0    0    -3863.72    -8.67096    0.456491    4.76168    6.34743    5.09261    1.59107    3.65264    
1    1    1    -3870.12    -5.14534    0.576729    5.44207    6.71792    5.11335    1.55249    3.62257    
1    2    2    -3878.08    -6.22057    0.496332    4.25182    4.95281    5.17353    1.56105    3.61521    
1    3    3    -3879.77    -4.93817    0.609083    4.29578    5.17788    5.18796    1.56533    3.63058    
1    4    4    -3880.91    -3.1324    0.702861    4.44445    6.04016    5.15734    1.56083    3.61321    
1    6    5    -3880.75    -2.97814    0.622787    4.72591    5.24452    5.15734    1.56083    3.61321    
1    8    6    -3881.33    -3.55762    0.638529    5.08953    6.41842    5.15734    1.56083    3.61321    
1    10    7    -3881.66    -3.8843    0.661592    4.46984    4.21167    5.15734    1.56083    3.61321    
1    12    8    -3883.06    -5.28781    0.483994    5.67531    5.67439    5.15734    1.56083    3.61321    
