#Task    Step    numberOfAcceptedPeleSteps    currentEnergy    bindingEnergy    ligandSASA    ligandRMSD    L1_C2-H38_OG    H38_HG-H175_ND1    H175_HE2-H40_OE2    H175_HE2-H40_OE1    
1    0    0    -3859.2    -4.16903    0.658289    4.74178    6.26435    2.2563    3.18215    1.52823    
1    1    1    -3861.72    -3.5878    0.667981    4.52601    7.84758    2.48748    3.17925    1.48788    
1    2    2    -3864.25    -3.5243    0.623831    4.09948    6.75731    2.37211    3.17148    1.50128    
1    4    3    -3865.49    -3.42603    0.762009    5.48222    6.96528    1.9608    3.19568    1.52991    
1    5    4    -3860.4    -4.46119    0.643901    3.74479    6.05865    1.94869    3.08345    1.43501    
1    6    5    -3866.08    -5.37135    0.591652    4.14563    5.39151    1.95869    3.10907    1.46204    
1    7    6    -3869.78    -5.95726    0.52408    4.25173    3.82399    1.90622    3.02718    1.45043    
1    10    7    -3873.93    -5.88981    0.528427    4.47426    5.17984    1.9274    3.07599    1.47532    
1    12    8    -3871.92    -2.58224    0.610138    4.80143    4.85654    2.02276    3.10914    1.51641    
