#Task    Step    numberOfAcceptedPeleSteps    currentEnergy    bindingEnergy    ligandSASA    ligandRMSD    L1_C2-H38_OG    H38_HG-H175_ND1    H175_HE2-H40_OE2    H175_HE2-H40_OE1    
1    0    0    -3852.08    -3.84449    0.678014    6.3951    8.43842    5.25572    10.3735    11.2997    
1    1    1    -3855.79    -1.83372    0.690707    5.41392    5.0638    6.51714    7.04729    6.96779    
1    2    2    -3863.3    -2.91294    0.598792    5.69243    4.29511    6.48592    6.97976    6.92732    
1    4    3    -3864.08    -2.23481    0.720709    6.46291    7.45352    6.42357    6.87078    6.97972    
1    5    4    -3866.92    -3.70578    0.672448    5.83058    4.54572    6.19818    6.55113    7.09488    
1    6    5    -3867.62    -3.85242    0.636792    5.16385    4.26071    6.03301    6.3718    7.24443    
1    7    6    -3873.73    -1.87005    0.601352    5.80017    3.52537    5.85175    6.69255    7.4817    
1    9    7    -3875.21    -4.33223    0.553982    5.40353    4.04177    5.75479    6.63431    7.29366    
1    10    8    -3881.87    -3.79562    0.564676    5.72896    4.87497    5.81213    6.81633    7.31945    
1    13    9    -3880.17    -3.64037    0.6674    4.85297    4.53986    5.76199    6.64832    7.21634    
