#Task    Step    numberOfAcceptedPeleSteps    currentEnergy    bindingEnergy    ligandSASA    ligandRMSD    L1_C2-H38_OG    H38_HG-H175_ND1    H175_HE2-H40_OE2    H175_HE2-H40_OE1    
1    0    0    -3849.53    -5.45836    0.61255    3.51718    4.11491    4.38874    1.54376    3.399    
1    1    1    -3857.09    -5.47531    0.64727    4.09939    3.98883    4.28917    1.56089    3.31701    
1    2    2    -3862.08    -7.66647    0.545098    5.04391    3.99522    4.34455    1.54741    3.32886    
1    3    3    -3861.66    -5.75889    0.602222    5.69342    4.95195    6.53618    1.50199    3.37852    
1    4    4    -3862.45    -6.54817    0.595963    5.61259    4.13925    6.53618    1.50199    3.37852    
1    8    5    -3867.71    -9.7639    0.542505    6.51838    3.99311    6.31084    1.5236    3.42189    
1    9    6    -3867.3    -12.0703    0.50098    6.12471    4.17076    6.20089    1.5168    3.12953    
1    10    7    -3867.04    -6.51313    0.522732    6.55418    4.06461    6.09266    1.50897    3.30772    
1    11    8    -3863.92    -9.32764    0.540572    6.37464    5.01759    4.91254    1.45624    3.01079    
1    12    9    -3872.83    -10.984    0.457146    5.65231    4.45482    4.89232    1.52931    3.23975    
1    14    10    -3872.69    -9.60408    0.366487    5.89868    5.3701    4.96447    1.52393    3.35839    
