#Task    Step    numberOfAcceptedPeleSteps    currentEnergy    bindingEnergy    ligandSASA    ligandRMSD    L1_C3-H38_OG    H38_HG-H175_ND1    H175_HE2-H40_OE2    H175_HE2-H40_OE1    
1    0    0    -3418.9    7.17655    0.142111    0.370089    4.56947    1.78561    1.58994    3.70937    
1    1    1    -3488.04    2.01454    0.211979    2.8584    4.8161    2.10917    1.70036    3.78232    
1    2    2    -3516.4    -7.35776    0.241568    3.28685    5.02658    2.027    1.73102    3.83809    
1    3    3    -3533.58    -8.20797    0.231407    3.57521    7.92441    6.44877    1.75074    3.95316    
1    4    4    -3534.86    -5.76538    0.323118    2.60668    6.97083    6.42839    1.72189    3.92367    
1    6    5    -3558.99    -10.7629    0.226963    3.00483    7.91667    6.32492    1.63371    3.81927    
1    7    6    -3565.65    -12.79    0.192095    3.19997    7.44998    6.4191    1.59173    3.72697    
1    8    7    -3564.6    -7.38064    0.238434    3.17239    8.23215    6.35653    1.57912    3.71954    
1    10    8    -3567.6    -8.04205    0.218972    2.98764    8.77198    6.26855    1.52342    3.68489    
1    12    9    -3570.49    -5.93607    0.207365    3.53839    9.70151    6.29776    1.54764    3.69893    
1    14    10    -3570.64    -6.99111    0.164434    4.5699    10.8527    6.27772    1.5255    3.68189    
