#Task    Step    numberOfAcceptedPeleSteps    currentEnergy    bindingEnergy    ligandSASA    ligandRMSD    L1_C3-H38_OG    H38_HG-H175_ND1    H175_HE2-H40_OE2    H175_HE2-H40_OE1    
1    0    0    -3418.9    7.17655    0.142111    0.370089    4.56947    1.78561    1.58994    3.70937    
1    1    1    -3458.35    -9.06121    0.198767    1.87709    6.39656    3.77712    1.37469    3.59124    
1    2    2    -3504.01    6.59823    0.126691    2.21652    6.32073    3.77591    1.40635    3.58854    
1    3    3    -3509.2    -0.490694    0.182436    1.92186    5.46352    4.98921    1.51401    3.68095    
1    4    4    -3514.78    -0.237629    0.292719    1.76095    5.17944    4.98258    1.52479    3.6927    
1    5    5    -3534.93    -8.73459    0.261156    2.49667    5.17541    4.84208    1.48051    3.6911    
1    6    6    -3553.46    -8.84714    0.269389    2.10899    4.96851    4.90496    1.53116    3.7163    
1    8    7    -3558.09    -7.44623    0.263484    2.12067    5.59915    4.96275    1.52572    3.71581    
1    12    8    -3554.05    -2.85292    0.289008    2.03343    5.06555    4.9526    1.50801    3.69854    
