#Task    Step    numberOfAcceptedPeleSteps    currentEnergy    bindingEnergy    ligandSASA    ligandRMSD    L1_C3-H38_OG    H38_HG-H175_ND1    H175_HE2-H40_OE2    H175_HE2-H40_OE1    
1    0    0    -3418.9    7.17655    0.142111    0.370089    4.56947    1.78561    1.58994    3.70937    
1    1    1    -3536.5    5.47389    0.148461    1.41674    4.70343    2.11027    1.73766    3.86976    
1    2    2    -3534.51    15.6128    0.171811    1.73594    5.42726    1.83559    1.64844    3.80115    
1    3    3    -3568.95    -4.79924    0.289295    3.26948    6.28615    1.89987    3.89067    1.83057    
1    6    4    -3579.62    -3.61996    0.329165    3.34124    6.63193    1.90364    3.89081    1.82453    
1    7    5    -3614.06    -0.507987    0.321108    4.12136    6.04198    1.92155    3.84842    1.86836    
1    8    6    -3657.43    -3.96182    0.407532    5.17936    6.94943    1.84662    3.7662    1.77311    
1    9    7    -3654.4    -3.62651    0.482269    5.56273    7.61632    1.83583    3.70719    1.67211    
1    10    8    -3666.91    -5.24434    0.502943    5.35032    7.83783    1.77216    3.36965    1.5578    
1    11    9    -3667.05    -3.94973    0.45329    5.01144    7.21916    1.93782    5.64263    4.58299    
