#Task    Step    numberOfAcceptedPeleSteps    currentEnergy    bindingEnergy    ligandSASA    ligandRMSD    L1_C3-H38_OG    H38_HG-H175_ND1    H175_HE2-H40_OE2    H175_HE2-H40_OE1    
1    0    0    -3418.9    7.17655    0.142111    0.370089    4.56947    1.78561    1.58994    3.70937    
1    1    1    -3485.41    -8.84192    0.200084    2.14614    6.22606    3.7908    1.41639    3.63866    
1    2    2    -3540.8    -9.20732    0.283497    2.20152    6.44584    3.80118    1.38699    3.58247    
1    3    3    -3534.27    -4.35687    0.281883    2.09685    5.9644    3.92118    1.4434    3.55825    
1    4    4    -3560.65    -7.4607    0.300117    2.17554    5.80526    3.95409    1.55373    3.57484    
1    5    5    -3563.08    -9.63928    0.243912    2.33835    6.34608    3.98783    1.56331    3.50511    
1    6    6    -3567.09    -11.3795    0.281289    2.34684    5.59456    4.13048    1.54528    3.47359    
1    8    7    -3563.09    -1.10309    0.203514    2.57889    7.02929    6.52657    1.56694    3.44909    
1    10    8    -3577.29    -10.878    0.165072    3.72142    6.64681    6.40461    1.54877    3.39874    
1    12    9    -3580.06    -11.911    0.149412    3.57616    7.28489    6.3998    1.55464    3.37439    
