#Task    Step    numberOfAcceptedPeleSteps    currentEnergy    bindingEnergy    ligandSASA    ligandRMSD    L1_C3-H38_OG    H38_HG-H175_ND1    H175_HE2-H40_OE2    H175_HE2-H40_OE1    
1    0    0    -3418.9    7.17655    0.142111    0.370089    4.56947    1.78561    1.58994    3.70937    
1    1    1    -3515.97    10.3638    0.329388    1.78368    4.74547    4.39597    3.67322    1.59662    
1    2    2    -3561.75    15.5951    0.304807    2.45515    4.5124    4.38635    3.62653    1.5356    
1    4    3    -3575.57    3.35137    0.312401    2.50144    3.4056    4.39797    3.62521    1.53712    
1    6    4    -3589.04    -5.9801    0.391777    3.68007    4.69581    4.40721    3.61797    1.52408    
1    8    5    -3594.45    -4.43878    0.36168    3.29071    4.77885    4.41344    3.61231    1.51307    
1    9    6    -3643.45    -5.60212    0.407781    3.00901    4.34452    5.12353    3.60613    1.5427    
1    10    7    -3663.04    -5.55553    0.376284    1.76506    4.50289    5.23935    3.63745    1.57887    
1    12    8    -3665.82    -5.47379    0.377041    2.22026    4.42101    5.2204    3.63512    1.57816    
1    14    9    -3668.91    -6.52691    0.345572    1.68571    5.27109    5.19553    3.6366    1.58246    
