#Task    Step    numberOfAcceptedPeleSteps    currentEnergy    bindingEnergy    ligandSASA    ligandRMSD    L1_C3-H38_OG    H38_HG-H175_ND1    H175_HE2-H40_OE2    H175_HE2-H40_OE1    
1    0    0    -3418.9    7.17655    0.142111    0.370089    4.56947    1.78561    1.58994    3.70937    
1    1    1    -3562.43    -7.19481    0.330579    2.03971    5.34222    1.85008    1.71774    3.84124    
1    2    2    -3567.85    -7.44692    0.362716    3.02742    5.76008    1.80536    1.58986    3.76117    
1    4    3    -3577.62    3.59144    0.291157    2.53662    4.7607    1.82587    1.54788    3.71077    
1    5    4    -3608.01    -0.98582    0.395441    3.27788    4.91031    1.9074    1.6777    3.80785    
1    6    5    -3616.35    3.10218    0.351277    3.23449    5.65872    1.87792    1.64981    3.78208    
1    7    6    -3638.74    -4.75652    0.367885    3.33147    5.00107    1.71665    1.60074    3.737    
1    8    7    -3641.55    -6.34667    0.386441    3.24816    4.28567    1.70745    1.60558    3.73673    
1    9    8    -3660.6    -5.21031    0.450978    3.79675    5.63817    1.89857    1.71013    3.84694    
1    10    9    -3682.26    -4.60911    0.519865    3.58649    6.23476    1.8217    1.63194    3.78033    
1    12    10    -3688.14    -6.31698    0.39754    3.32582    5.70035    1.81484    1.58098    3.71824    
