#Task    Step    numberOfAcceptedPeleSteps    currentEnergy    bindingEnergy    ligandSASA    ligandRMSD    L1_C2-H38_OG    H38_HG-H175_ND1    H175_HE2-H40_OE2    H175_HE2-H40_OE1    
1    0    0    -3845.77    0.116637    0.385191    4.4602    5.57248    4.38424    3.50846    1.40093    
1    1    1    -3845.21    -12.2441    0.329028    4.51664    6.28844    2.52173    3.91253    1.71242    
1    2    2    -3853.06    -1.15069    0.449452    4.70525    4.5098    2.51766    3.62703    1.43136    
1    3    3    -3862.95    -7.64799    0.541366    5.06703    3.88737    3.28693    3.54806    1.43006    
1    4    4    -3864.07    -5.15809    0.627353    5.03581    5.53787    3.30787    3.57609    1.48233    
1    5    5    -3864.52    -4.52788    0.684776    5.58887    5.64521    3.05413    3.5361    1.47921    
1    6    6    -3868    -5.90706    0.623414    5.53259    4.19109    3.24071    3.49707    1.47905    
1    7    7    -3864.88    -4.21698    0.678589    5.50691    5.83623    2.83375    3.43734    1.50835    
1    8    8    -3867.52    -5.0981    0.573885    4.6948    4.86299    2.4724    3.31094    1.52356    
1    9    9    -3862.43    -4.41986    0.635257    4.58903    6.44736    2.49142    3.25205    1.51993    
1    10    10    -3864.15    -4.17019    0.657111    4.74168    6.26482    2.26184    3.18559    1.53548    
