#Task    Step    numberOfAcceptedPeleSteps    currentEnergy    bindingEnergy    ligandSASA    ligandRMSD    L1_C2-H38_OG    H38_HG-H175_ND1    H175_HE2-H40_OE2    H175_HE2-H40_OE1    
1    0    0    -3868.86    -9.87652    0.542432    5.92179    3.60873    5.1688    3.5039    1.53016    
1    1    1    -3868.76    -9.46277    0.52649    6.21416    4.4049    4.61371    3.40163    1.44811    
1    3    2    -3867.14    -5.0583    0.565131    5.21664    4.11599    4.75737    3.31667    1.53787    
1    4    3    -3871.02    -6.93172    0.635802    5.50651    6.51771    4.77848    3.30239    1.57528    
1    5    4    -3868.62    -6.12843    0.537367    5.03735    5.51289    4.62772    3.49038    1.60524    
1    6    5    -3872.14    -8.12709    0.525589    4.72808    5.10679    4.76667    3.45696    1.58143    
1    7    6    -3868.28    -9.84242    0.487771    4.4067    5.10887    4.60081    3.4084    1.5934    
1    10    7    -3873.66    -8.72608    0.434617    4.4256    5.54335    4.6003    3.3324    1.56615    
1    12    8    -3874.9    -8.20196    0.383434    4.27505    6.0488    4.61441    3.51283    1.55164    
