#Task    Step    numberOfAcceptedPeleSteps    currentEnergy    bindingEnergy    ligandSASA    ligandRMSD    L1_C2-H38_OG    H38_HG-H175_ND1    H175_HE2-H40_OE2    H175_HE2-H40_OE1    
1    0    0    -3868.35    -5.32592    0.698718    6.31504    5.84539    4.64071    3.70235    1.52673    
1    1    1    -3867.72    -4.08491    0.640464    6.0368    3.81664    2.92799    3.6935    1.54825    
1    2    2    -3869.13    -3.78379    0.664383    5.20175    4.56026    2.77923    3.64525    1.53011    
1    3    3    -3868.75    -3.17108    0.744864    5.77947    6.97648    2.64707    3.55726    1.5263    
1    4    4    -3869.67    -5.78751    0.544878    4.56817    4.83955    2.23388    3.47213    1.51174    
1    5    5    -3874.26    -8.54115    0.457772    5.15909    5.25771    2.50859    3.39126    1.46139    
1    6    6    -3877.73    -9.12475    0.522615    5.35271    4.52653    2.46627    3.31824    1.50769    
1    8    7    -3878.07    -9.66788    0.509986    5.73617    4.0132    2.27994    3.23203    1.54326    
1    12    8    -3876.99    -6.23496    0.579679    5.80367    4.94245    2.21644    3.28101    1.56112    
1    13    9    -3877.83    -9.66938    0.493615    5.17168    4.6566    2.53697    3.28685    1.48356    
1    14    10    -3873.34    -3.98505    0.518832    4.63116    5.45969    2.53171    3.24351    1.50706    
