#Task    Step    numberOfAcceptedPeleSteps    currentEnergy    bindingEnergy    ligandSASA    ligandRMSD    L1_C2-H38_OG    H38_HG-H175_ND1    H175_HE2-H40_OE2    H175_HE2-H40_OE1    
1    0    0    -3850.86    -9.38975    0.46764    5.92556    5.61717    5.42732    12.4747    10.6206    
1    1    1    -3858.57    -8.81415    0.546763    5.89749    5.05514    5.42386    12.0426    12.1216    
1    2    2    -3864.07    -7.27506    0.494689    5.01158    4.56219    6.27208    5.37438    5.40403    
1    3    3    -3865.89    -5.86934    0.532429    4.41929    4.17195    6.25008    3.64125    1.80959    
1    4    4    -3868.11    -5.76917    0.585768    4.25709    5.37592    6.31515    3.29347    1.73799    
1    6    5    -3868.39    -3.30146    0.506984    4.81676    6.56134    6.32862    3.215    1.71547    
1    7    6    -3867.25    -5.1243    0.530629    5.07341    6.61053    6.32679    3.12549    1.50099    
1    8    7    -3871.24    -4.33084    0.57485    4.39402    6.6346    6.34682    3.14722    1.55637    
1    10    8    -3873.23    -3.71942    0.599448    4.38388    6.48815    6.40055    3.11641    1.56801    
