* LIGAND DATABASE FILE (openff_unconstrained-2.0.0.offxml)
* File generated with peleffy-1.4.4
* Compatible with PELE's OPLS implementation
*
LIG      18    18    28      47       0
    1     0 M  OFFT  _O2_     0  155.043572  179.600521   20.966741
    2     1 S  OFFT  _C2_     0    1.393152  128.840175  -60.426141
    3     1 S  OFFT  _C3_     0    1.385782   84.295496   65.159846
    4     2 S  OFFT  _C1_     0    1.490935  152.362693  -64.599597
    5     2 S  OFFT  _O1_     0    1.260964  145.829087  115.361501
    6     3 S  OFFT  _C4_     0    1.380476  150.424829  129.166994
    7     4 S  OFFT  _H1_     0    1.100355  179.959090   47.482089
    8     4 S  OFFT  _H2_     0    1.100206  126.505615   44.331608
    9     4 S  OFFT  _H3_     0    1.099576  126.400867  134.345079
   10     6 S  OFFT  _C5_     0    1.388941  150.814168 -179.948703
   11     6 S  OFFT  _H4_     0    1.100149  145.849193    0.000290
   12    10 S  OFFT  _C6_     0    1.381178  150.358726   -0.033681
   13    10 S  OFFT  _H5_     0    1.100129  145.903333  179.975238
   14    12 S  OFFT  _C7_     0    1.377941  148.767283   -0.013719
   15    12 S  OFFT  _H6_     0    1.100240  146.938472 -179.983120
   16    14 S  OFFT  _C8_     0    1.388131  150.820377    0.048798
   17    14 S  OFFT  _H7_     0    1.099819  145.909975  179.999411
   18    16 S  OFFT  _H8_     0    1.100566  145.833819  179.954756
NBON
     1   3.0251   0.1685  -0.371200   0.0000   1.5126   0.000000000   0.000000000
     2   3.4806   0.0869   0.640100   0.0000   1.7403   0.000000000   0.000000000
     3   3.4806   0.0869   0.106100   0.0000   1.7403   0.000000000   0.000000000
     4   3.3795   0.1088  -0.151100   0.0000   1.6898   0.000000000   0.000000000
     5   3.0398   0.2102  -0.522000   0.0000   1.5199   0.000000000   0.000000000
     6   3.4806   0.0869  -0.135000   0.0000   1.7403   0.000000000   0.000000000
     7   2.6445   0.0158   0.078700   0.0000   1.3223   0.000000000   0.000000000
     8   2.6445   0.0158   0.078700   0.0000   1.3223   0.000000000   0.000000000
     9   2.6445   0.0158   0.078700   0.0000   1.3223   0.000000000   0.000000000
    10   3.4806   0.0869  -0.116000   0.0000   1.7403   0.000000000   0.000000000
    11   2.5726   0.0156   0.150500   0.0000   1.2863   0.000000000   0.000000000
    12   3.4806   0.0869  -0.139000   0.0000   1.7403   0.000000000   0.000000000
    13   2.5726   0.0156   0.135500   0.0000   1.2863   0.000000000   0.000000000
    14   3.4806   0.0869  -0.116000   0.0000   1.7403   0.000000000   0.000000000
    15   2.5726   0.0156   0.134000   0.0000   1.2863   0.000000000   0.000000000
    16   3.4806   0.0869  -0.135000   0.0000   1.7403   0.000000000   0.000000000
    17   2.5726   0.0156   0.135500   0.0000   1.2863   0.000000000   0.000000000
    18   2.5726   0.0156   0.150500   0.0000   1.2863   0.000000000   0.000000000
BOND
     4     2   329.441  1.523
     4     7   370.047  1.094
     4     8   370.047  1.094
     4     9   370.047  1.094
     2     5   582.699  1.225
     2     1   301.154  1.346
     1     3   425.691  1.363
     3     6   360.785  1.387
     3    16   360.785  1.387
     6    10   360.785  1.387
     6    11   397.255  1.085
    10    12   360.785  1.387
    10    13   397.255  1.085
    12    14   360.785  1.387
    12    15   397.255  1.085
    14    16   360.785  1.387
    14    17   397.255  1.085
    16    18   397.255  1.085
THET
     4     2     5    57.89829  126.80624
     4     2     1    57.89829  126.80624
     2     4     7    53.20532  116.54759
     2     4     8    53.20532  116.54759
     2     4     9    53.20532  116.54759
     2     1     3    65.09062  110.35388
     5     2     1   201.41175  127.46914
     1     3     6    57.89829  126.80624
     1     3    16    57.89829  126.80624
     3     6    10    57.89829  126.80624
     3     6    11    34.06678  129.18359
     3    16    14    57.89829  126.80624
     3    16    18    34.06678  129.18359
     6     3    16    57.89829  126.80624
     6    10    12    57.89829  126.80624
     6    10    13    34.06678  129.18359
    10     6    11    34.06678  129.18359
    10    12    14    57.89829  126.80624
    10    12    15    34.06678  129.18359
    12    10    13    34.06678  129.18359
    12    14    16    57.89829  126.80624
    12    14    17    34.06678  129.18359
    14    12    15    34.06678  129.18359
    14    16    18    34.06678  129.18359
    16    14    17    34.06678  129.18359
     7     4     8    48.77649  115.60310
     7     4     9    48.77649  115.60310
     8     4     9    48.77649  115.60310
PHI
    4     2     1     3   2.77985 -1.0 2.0
    2     1     3     6   1.53223 -1.0 2.0
    2     1     3    16   1.53223 -1.0 2.0
    5     2     4     7   0.45417  1.0 1.0
    5     2     4     8   0.45417  1.0 1.0
    5     2     4     9   0.45417  1.0 1.0
    5     2     1     3   1.53223 -1.0 2.0
    1     2     4     7   0.02665  1.0 3.0
    1     2     4     8   0.02665  1.0 3.0
    1     2     4     9   0.02665  1.0 3.0
    1     3     6    10   3.66193 -1.0 2.0
    1     3     6    11   3.66193 -1.0 2.0
    1     3    16    14   3.66193 -1.0 2.0
    1     3    16    18   3.66193 -1.0 2.0
    3     6    10    12   3.66193 -1.0 2.0
    3     6    10    13   3.66193 -1.0 2.0
    3    16   -14    12   3.66193 -1.0 2.0
    3    16    14    17   3.66193 -1.0 2.0
    6     3    16    14   3.66193 -1.0 2.0
    6     3    16    18   3.66193 -1.0 2.0
    6    10   -12    14   3.66193 -1.0 2.0
    6    10    12    15   3.66193 -1.0 2.0
   10     6     3    16   3.66193 -1.0 2.0
   10    12   -14    16   3.66193 -1.0 2.0
   10    12    14    17   3.66193 -1.0 2.0
   12    10     6    11   3.66193 -1.0 2.0
   12    14    16    18   3.66193 -1.0 2.0
   14    12    10    13   3.66193 -1.0 2.0
   16     3     6    11   3.66193 -1.0 2.0
   16    14    12    15   3.66193 -1.0 2.0
   11     6    10    13   3.66193 -1.0 2.0
   13    10    12    15   3.66193 -1.0 2.0
   15    12    14    17   3.66193 -1.0 2.0
   17    14    16    18   3.66193 -1.0 2.0
    5     2     4     7   0.14897  1.0 2.0
    5     2     4     8   0.14897  1.0 2.0
    5     2     4     9   0.14897  1.0 2.0
    5     2     4     7   0.02960 -1.0 3.0
    5     2     4     8   0.02960 -1.0 3.0
    5     2     4     9   0.02960 -1.0 3.0
IPHI
     4     2     5     1  10.50000 -1.0 2.0
     1     3     6    16   1.10000 -1.0 2.0
     3     6    10    11   1.10000 -1.0 2.0
     3    16    14    18   1.10000 -1.0 2.0
     6    10    12    13   1.10000 -1.0 2.0
    10    12    14    15   1.10000 -1.0 2.0
    12    14    16    17   1.10000 -1.0 2.0
END
