#Task    Step    numberOfAcceptedPeleSteps    currentEnergy    bindingEnergy    ligandSASA    ligandRMSD    L1_C3-H38_OG    H38_HG-H175_ND1    H175_HE2-H40_OE2    H175_HE2-H40_OE1    
1    0    0    -3563.38    -7.15876    0.315869    3.28267    8.08268    6.31263    1.50818    3.675    
1    1    1    -3565.53    -7.7986    0.342062    3.44808    7.10119    6.40898    1.49653    3.60815    
1    2    2    -3564.39    -6.58612    0.371052    3.9413    7.58358    6.4099    1.49996    3.61951    
1    6    3    -3570.44    -5.97002    0.42947    4.47603    8.0472    6.51493    1.53604    3.64077    
1    10    4    -3571.64    -7.12379    0.351052    3.79494    7.45273    6.51482    1.53625    3.64104    
1    12    5    -3571.95    -7.97171    0.270431    4.18169    7.18326    6.51892    1.53494    3.63746    
1    13    6    -3576.63    -7.36814    0.342651    3.86796    6.84427    6.42801    1.57869    3.67238    
1    14    7    -3579.09    2.55755    0.320539    3.22579    7.93677    6.41272    1.59675    3.69065    
1    15    8    -3637.63    -6.07669    0.25292    3.35824    8.52522    6.4896    1.51443    3.58869    
