* LIGAND DATABASE FILE (openff_unconstrained-2.0.0.offxml)
* File generated with peleffy-1.4.4
* Compatible with PELE's OPLS implementation
*
LIG      12    11    16      23       0
    1     0 M  OFFT  _O1_     0  155.055382  179.600548   20.949758
    2     1 S  OFFT  _C2_     0    1.369371   85.841871   66.776399
    3     1 S  OFFT  _C3_     0    1.386700  129.941490  -58.799020
    4     2 S  OFFT  _C1_     0    1.307159  149.335206   46.685644
    5     2 S  OFFT  _H3_     0    1.100075  146.326190 -133.248606
    6     3 S  OFFT  _C4_     0    1.493197  151.076909  -66.240952
    7     3 S  OFFT  _O2_     0    1.257497  147.117698  113.761578
    8     4 S  OFFT  _H1_     0    1.099689  179.985273  161.897923
    9     4 S  OFFT  _H2_     0    1.099708  130.504092  -74.463686
   10     6 S  OFFT  _H4_     0    1.100351  179.973346  118.373384
   11     6 S  OFFT  _H5_     0    1.099915  128.746993 -134.175409
   12     6 S  OFFT  _H6_     0    1.099748  126.129051  -42.703127
NBON
     1   3.0251   0.1685  -0.376200   0.0000   1.5126   0.000000000   0.000000000
     2   3.4806   0.0869   0.012100   0.0000   1.7403   0.000000000   0.000000000
     3   3.4806   0.0869   0.640100   0.0000   1.7403   0.000000000   0.000000000
     4   3.4806   0.0869  -0.258000   0.0000   1.7403   0.000000000   0.000000000
     5   2.4536   0.0131   0.166000   0.0000   1.2268   0.000000000   0.000000000
     6   3.3795   0.1088  -0.151100   0.0000   1.6898   0.000000000   0.000000000
     7   3.0398   0.2102  -0.531000   0.0000   1.5199   0.000000000   0.000000000
     8   2.5726   0.0156   0.130500   0.0000   1.2863   0.000000000   0.000000000
     9   2.5726   0.0156   0.130500   0.0000   1.2863   0.000000000   0.000000000
    10   2.6445   0.0158   0.079033   0.0000   1.3223   0.000000000   0.000000000
    11   2.6445   0.0158   0.079033   0.0000   1.3223   0.000000000   0.000000000
    12   2.6445   0.0158   0.079033   0.0000   1.3223   0.000000000   0.000000000
BOND
     4     2   399.159  1.372
     4     8   397.255  1.085
     4     9   397.255  1.085
     2     1   369.343  1.364
     2     5   397.255  1.085
     1     3   301.154  1.346
     3     6   329.441  1.523
     3     7   582.699  1.225
     6    10   370.047  1.094
     6    11   370.047  1.094
     6    12   370.047  1.094
THET
     4     2     1    57.89829  126.80624
     4     2     5    34.06678  129.18359
     2     4     8    34.06678  129.18359
     2     4     9    34.06678  129.18359
     2     1     3    65.09062  110.35388
     1     2     5    34.06678  129.18359
     1     3     6    57.89829  126.80624
     1     3     7   201.41175  127.46914
     3     6    10    53.20532  116.54759
     3     6    11    53.20532  116.54759
     3     6    12    53.20532  116.54759
     6     3     7    57.89829  126.80624
     8     4     9    22.69632  130.73095
    10     6    11    48.77649  115.60310
    10     6    12    48.77649  115.60310
    11     6    12    48.77649  115.60310
PHI
    4     2     1     3   1.53223 -1.0 2.0
    2     1     3     6   2.77985 -1.0 2.0
    2     1     3     7   1.53223 -1.0 2.0
    1     2     4     8   5.29484 -1.0 2.0
    1     2     4     9   5.29484 -1.0 2.0
    1     3     6    10   0.02665  1.0 3.0
    1     3     6    11   0.02665  1.0 3.0
    1     3     6    12   0.02665  1.0 3.0
    3     1     2     5   1.53223 -1.0 2.0
    7     3     6    10   0.45417  1.0 1.0
    7     3     6    11   0.45417  1.0 1.0
    7     3     6    12   0.45417  1.0 1.0
    8     4     2     5   5.29484 -1.0 2.0
    9     4     2     5   5.29484 -1.0 2.0
    7     3     6    10   0.14897  1.0 2.0
    7     3     6    11   0.14897  1.0 2.0
    7     3     6    12   0.14897  1.0 2.0
    7     3     6    10   0.02960 -1.0 3.0
    7     3     6    11   0.02960 -1.0 3.0
    7     3     6    12   0.02960 -1.0 3.0
IPHI
     4     2     1     5   1.10000 -1.0 2.0
     2     4     8     9   1.10000 -1.0 2.0
     1     3     6     7  10.50000 -1.0 2.0
END
