#Task    Step    numberOfAcceptedPeleSteps    currentEnergy    bindingEnergy    ligandSASA    ligandRMSD    L1_C2-H38_OG    H38_HG-H175_ND1    H175_HE2-H40_OE2    H175_HE2-H40_OE1    
1    0    0    -3671.88    28.1094    0.351288    0.669218    4.46404    1.76395    1.65993    3.78698    
1    1    1    -3808.6    -5.66695    0.362266    3.29127    6.47572    6.97929    3.5739    1.31978    
1    2    2    -3847.11    -7.2335    0.397897    3.9714    7.01858    6.9946    3.49905    1.40494    
1    3    3    -3868.62    -10.3776    0.340922    3.96144    6.97204    6.84527    3.53751    1.48634    
1    4    4    -3871.16    -2.45922    0.299851    4.41938    7.21937    6.89929    3.55482    1.52665    
1    5    5    -3880.3    -10.4029    0.366899    4.08596    7.32026    6.99307    3.57387    1.55234    
1    10    6    -3881.86    -8.01613    0.3677    4.35949    6.77806    6.99327    3.58257    1.53559    
1    11    7    -3882.1    -10.0785    0.440659    4.13673    6.04926    6.90594    3.60401    1.59399    
1    12    8    -3892.06    -11.8858    0.428947    4.36697    5.72332    7.00038    3.62268    1.56722    
