#Task    Step    numberOfAcceptedPeleSteps    currentEnergy    bindingEnergy    ligandSASA    ligandRMSD    L1_C2-H38_OG    H38_HG-H175_ND1    H175_HE2-H40_OE2    H175_HE2-H40_OE1    
1    0    0    -3671.88    28.1094    0.351288    0.669218    4.46404    1.76395    1.65993    3.78698    
1    1    1    -3826.72    -4.57655    0.424915    3.29687    6.03199    4.26182    1.5985    3.6568    
1    2    2    -3828.35    -3.03853    0.484527    4.15354    7.37979    4.26296    1.59878    3.65627    
1    4    3    -3835.73    -5.53139    0.527907    3.97114    5.79597    4.25021    1.59149    3.6659    
1    6    4    -3857.72    -5.9572    0.55274    4.06844    5.26188    4.25991    1.58084    3.65255    
1    7    5    -3862.55    -5.49161    0.61223    3.51701    4.11274    4.38835    1.54446    3.39946    
1    8    6    -3863.42    -4.84775    0.592636    3.60471    4.24868    4.4069    1.53341    3.48076    
1    12    7    -3864.34    -4.89348    0.668678    3.89856    3.80038    4.55103    1.53462    3.51347    
1    14    8    -3869.62    -8.70066    0.539809    3.97263    3.25931    4.62208    1.54961    3.65484    
