#Task    Step    numberOfAcceptedPeleSteps    currentEnergy    bindingEnergy    ligandSASA    ligandRMSD    L1_C2-H38_OG    H38_HG-H175_ND1    H175_HE2-H40_OE2    H175_HE2-H40_OE1    
1    0    0    -3671.88    28.1094    0.351288    0.669218    4.46404    1.76395    1.65993    3.78698    
1    1    1    -3734.24    16.2461    0.401188    3.01053    7.9073    3.91747    6.14382    5.18806    
1    2    2    -3854.89    -5.85769    0.518092    4.2387    7.24871    3.95295    6.054    5.10069    
1    3    3    -3879.08    -5.71996    0.558082    3.58787    6.57974    3.55939    6.01897    5.01564    
1    4    4    -3876.78    -4.9425    0.473916    3.21978    4.77701    3.52954    6.00183    4.99956    
1    6    5    -3887.27    -8.42621    0.391299    2.87149    4.95347    3.55025    5.93026    4.92753    
1    10    6    -3888.63    -5.74602    0.567192    4.37448    7.00776    3.58536    5.8751    4.87428    
1    12    7    -3889.71    -4.51346    0.678648    4.91547    8.09316    3.67341    5.64832    4.64713    
1    14    8    -3892.17    -5.4319    0.583972    4.43922    6.04095    3.68114    5.63538    4.63199    
